t	x
0.0	1.0
2.1081851056077055e-05	0.9999999993333334
4.216370211215411e-05	0.9999999980000002
0.0003293765663914074	0.9999999179666451
0.0006165894306706607	0.9999997141964646
0.0009038022949499139	0.9999993866894922
0.001191015159229167	0.999998935445782
0.0014782280235084203	0.9999983604654085
0.0017654408877876735	0.9999976617484664
0.0020526537520669267	0.9999968392950711
0.00233986661634618	0.9999958931053582
0.0026270794806254336	0.9999948231794838
0.002914292344904687	0.9999936295176246
0.0032015052091839405	0.9999923121199774
0.003488718073463194	0.9999908709867595
0.0037759309377424473	0.9999893061182088
0.004063143802021701	0.9999876175145834
0.004350356666300954	0.9999858051761619
0.004637569530580208	0.9999838691032432
0.004924782394859461	0.9999818092961468
0.0052119952591387145	0.9999796257552125
0.005499208123417968	0.9999773184808005
0.006499208123417968	0.9999683197803078
0.007499208123417968	0.9999578211453473
0.008499208123417968	0.9999458225966822
0.018499208123417966	0.9996683484049406
0.02849920812341797	0.999240936039544
0.03849920812341797	0.9986637309565172
0.04849920812341797	0.9979368785166425
0.058499208123417974	0.9971353675976237
0.06849920812341798	0.9961844892548419
0.07849920812341797	0.9950843982273668
0.08849920812341797	0.9938353089847085
0.09849920812341796	0.9924374711459252
0.10849920812341796	0.990891164172936
0.11849920812341795	0.9891966134471636
0.12849920812341795	0.9873542080161692
0.13849920812341796	0.9853643382611381
0.14849920812341796	0.9832273950039487
0.15849920812341797	0.9809437959106698
0.16849920812341798	0.9785139912227871
0.178499208123418	0.9759384620053442
0.188499208123418	0.9732177180384338
0.198499208123418	0.9703522902542786
0.20849920812341802	0.9673427510668077
0.21849920812341803	0.9641896922642681
0.22849920812341803	0.9608937336355093
0.23849920812341804	0.9574555220025828
0.24849920812341805	0.9538757309471493
0.25849920812341803	0.950155060531741
0.26849920812341804	0.9462942370112329
0.27849920812341805	0.9422940125342603
0.28849920812341806	0.938155164834816
0.29849920812341807	0.9338784969142419
0.3084992081234181	0.9294648367138355
0.3184992081234181	0.9249150352521541
0.3284992081234181	0.9202299712396402
0.3384992081234181	0.9154105452026665
0.3484992081234181	0.9104576812186883
0.3584992081234181	0.9053723267061556
0.36849920812341813	0.9001554518752137
0.37849920812341814	0.8948080493411659
0.38849920812341815	0.889331133730468
0.39849920812341816	0.8837257412796816
0.40849920812341817	0.8779929294274931
0.4184992081234182	0.8721337764001013
0.4284992081234182	0.866149380790241
0.4384992081234182	0.8600408611301161
0.4484992081234182	0.8538093554585218
0.4584992081234182	0.8474560208824321
0.4684992081234182	0.8409820331333373
0.47849920812341823	0.8343885861186117
0.48849920812341824	0.8276768914681958
0.49849920812341825	0.8208481780768794
0.5084992081234182	0.8139036916424696
0.5184992081234182	0.8068446942001305
0.5284992081234182	0.7996724636531827
0.5384992081234182	0.7923882933006456
0.5484992081234182	0.7849934913618123
0.5584992081234182	0.7774893804981401
0.5684992081234183	0.7698772973327435
0.5784992081234183	0.7621585919677716
0.5884992081234183	0.754334627499954
0.5984992081234183	0.7464067795345961
0.6084992081234183	0.7383764356983024
0.6184992081234183	0.7302449951507057
0.6284992081234183	0.7220138680954789
0.6384992081234183	0.7136844752908985
0.6484992081234183	0.7052582475602357
0.6584992081234183	0.696736625302237
0.6684992081234183	0.688121058001963
0.6784992081234184	0.679413003742244
0.6884992081234184	0.6706139287160123
0.6984992081234184	0.6617253067397646
0.7084992081234184	0.6527486187684051
0.7184992081234184	0.6436853524117166
0.7284992081234184	0.6345370014527022
0.7384992081234184	0.625305065368035
0.7484992081234184	0.6159910488508521
0.7584992081234184	0.6065964613361206
0.7684992081234184	0.5971228165288006
0.7784992081234184	0.5875716319350277
0.7884992081234184	0.5779444283965262
0.7984992081234185	0.5682427296284677
0.8084992081234185	0.5584680617609772
0.8184992081234185	0.5486219528844879
0.8284992081234185	0.5387059325991388
0.8384992081234185	0.5287215315684051
0.8484992081234185	0.5186702810771443
0.8584992081234185	0.508553712594237
0.8684992081234185	0.49837335733999416
0.8784992081234185	0.4881307458584987
0.8884992081234185	0.47782740759504183
0.8984992081234185	0.4674648704788103
0.9084992081234186	0.4570446605109735
0.9184992081234186	0.4465683013583148
0.9284992081234186	0.4360373139525453
0.9384992081234186	0.4254532160954307
0.9484992081234186	0.4148175220698594
0.9584992081234186	0.40413174225697085
0.9684992081234186	0.3933973827594589
0.9784992081234186	0.382615945031159
0.9884992081234186	0.37178892551302106
0.9984992081234186	0.3609178152755662
1.0084992081234185	0.3500040996679167
1.0184992081234185	0.3390492579734856
1.0284992081234186	0.3280547630724047
1.0384992081234186	0.31702208111076485
1.0484992081234186	0.3059526711767365
1.0584992081234186	0.29484798498363296
1.0684992081234186	0.2837094663345386
1.0784992081234186	0.272538551367935
1.0884992081234186	0.2613366679442448
1.0984992081234186	0.2501052352497817
1.1084992081234186	0.23884566361683593
1.1184992081234186	0.22755935424980048
1.1284992081234186	0.2162476989581318
1.1384992081234186	0.20491207989653906
1.1484992081234187	0.19355386931243582
1.1584992081234187	0.18217442930066172
1.1684992081234187	0.1707751115654791
1.1784992081234187	0.1593572571898444
1.1884992081234187	0.14792219641194995
1.1984992081234187	0.13647124840902697
1.2084992081234187	0.12500572108839622
1.2184992081234187	0.11352691088574843
1.2284992081234187	0.10203610330617997
1.2384992081234187	0.09053457038997947
1.2484992081234187	0.07902357309408455
1.2584992081234188	0.06750436017361995
1.2684992081234188	0.05597816793125816
1.2784992081234188	0.04444621978353555
1.2884992081234188	0.03290972698724564
1.2984992081234188	0.021369887973381338
1.3084992081234188	0.009827888034659506
1.3184992081234188	-0.001715099811572069
1.3284992081234188	-0.013257917583757477
1.3384992081234188	-0.024799419563907507
1.3484992081234188	-0.036338473482262754
1.3584992081234188	-0.04787396071502247
1.3684992081234189	-0.05940477667564453
1.3784992081234189	-0.07092982995313961
1.3884992081234189	-0.08244804296563013
1.3984992081234189	-0.09395835222909478
1.4084992081234189	-0.10545970736601064
1.418499208123419	-0.11695107398690156
1.428499208123419	-0.12843143065493126
1.438499208123419	-0.13989977009585464
1.448499208123419	-0.1513550993447751
1.458499208123419	-0.16279644009042524
1.468499208123419	-0.17422282772002293
1.478499208123419	-0.18563331194476873
1.488499208123419	-0.19702695702401132
1.498499208123419	-0.20840284069002807
1.508499208123419	-0.21976005705751447
1.518499208123419	-0.2310977134430079
1.528499208123419	-0.2424149315649172
1.538499208123419	-0.25371084764317686
1.548499208123419	-0.2649846126947154
1.558499208123419	-0.27623539152388554
1.568499208123419	-0.28746236330813213
1.578499208123419	-0.2986647217787923
1.588499208123419	-0.309841674102842
1.598499208123419	-0.32099244374130675
1.608499208123419	-0.332116267228245
1.618499208123419	-0.34321239533183995
1.628499208123419	-0.35428009311213793
1.638499208123419	-0.36531864016822263
1.648499208123419	-0.3763273296090597
1.658499208123419	-0.3873054685911107
1.6684992081234191	-0.39825237845852623
1.6784992081234191	-0.4091673936177177
1.6884992081234191	-0.42004986428063645
1.6984992081234191	-0.43089915329247186
1.7084992081234192	-0.4417146372310509
1.7184992081234192	-0.452495706428609
1.7284992081234192	-0.4632417651729497
1.7384992081234192	-0.4739522306885501
1.7484992081234192	-0.48462653362105235
1.7584992081234192	-0.49526411814066157
1.7684992081234192	-0.5058644408397356
1.7784992081234192	-0.5164269733117046
1.7884992081234192	-0.5269511991000625
1.7984992081234192	-0.537436614719316
1.8084992081234192	-0.5478827296470167
1.8184992081234193	-0.5582890664824292
1.8284992081234193	-0.5686551599623614
1.8384992081234193	-0.5789805573901611
1.8484992081234193	-0.589264818706745
1.8584992081234193	-0.5995075154354857
1.8684992081234193	-0.609708233061495
1.8784992081234193	-0.6198665681579899
1.8884992081234193	-0.6299821293175158
1.8984992081234193	-0.6400545371203681
1.9084992081234193	-0.6500834239323082
1.9184992081234193	-0.6600684337871359
1.9284992081234194	-0.6700092222678239
1.9384992081234194	-0.6799054563864583
1.9484992081234194	-0.6897568144630245
1.9584992081234194	-0.6995629860031174
1.9684992081234194	-0.7093236715746484
1.9784992081234194	-0.7190385826836234
1.9884992081234194	-0.728707441649062
1.9984992081234194	-0.7383299814771276
2.0084992081234194	-0.7479059457345384
2.018499208123419	-0.7574350884213249
2.028499208123419	-0.7669171738430003
2.038499208123419	-0.7763519764822089
2.0484992081234186	-0.7857392808699147
2.0584992081234184	-0.7950788814561915
2.068499208123418	-0.804370582480676
2.078499208123418	-0.8136141978427421
2.0884992081234177	-0.8228095509714535
2.0984992081234175	-0.8319564746953512
2.1084992081234173	-0.841054811112131
2.118499208123417	-0.8501044114582632
2.128499208123417	-0.8591051359786082
2.1384992081234167	-0.8680568537960762
2.1484992081234164	-0.8769594427813838
2.1584992081234162	-0.8858127894229514
2.168499208123416	-0.8946167886969912
2.178499208123416	-0.9033713439378304
2.1884992081234156	-0.9120763667085114
2.1984992081234154	-0.9207317766717159
2.208499208123415	-0.9293375014610498
2.218499208123415	-0.9378934765527324
2.2284992081234147	-0.9463996451377273
2.2384992081234145	-0.9548559579943526
2.2484992081234143	-0.9632623733614072
2.258499208123414	-0.9716188568118485
2.268499208123414	-0.9799253811270552
2.2784992081234137	-0.9881819261717077
2.2884992081234135	-0.996388478769319
2.2984992081234132	-1.0045450325784444
2.308499208123413	-1.0126515879696016
2.318499208123413	-1.0207081519029282
2.3284992081234126	-1.0287147378066033
2.3384992081234124	-1.036671365456061
2.348499208123412	-1.0445780608540185
2.358499208123412	-1.0524348561113444
2.3684992081234117	-1.0602417893287885
2.3784992081234115	-1.0679989044795974
2.3884992081234113	-1.075706251293034
2.398499208123411	-1.0833638851388214
2.408499208123411	-1.090971866912533
2.4184992081234107	-1.0985302629219413
2.4284992081234105	-1.1060391447743476
2.4384992081234103	-1.1134985892649063
2.44849920812341	-1.1209086782659579
2.45849920812341	-1.1282694986173887
2.4684992081234096	-1.1355811420180257
2.4784992081234094	-1.1428437049180857
2.488499208123409	-1.1500572884126823
2.498499208123409	-1.1572219981364096
2.5084992081234088	-1.1643379441623858
2.5184992081234086	-1.1714052408893598
2.5284992081234083	-1.1784240069471215
2.538499208123408	-1.1853943650968057
2.548499208123408	-1.1923164421275105
2.5584992081234077	-1.1991903687582641
2.5684992081234075	-1.2060162795404774
2.5784992081234073	-1.2127943127614231
2.588499208123407	-1.2195246103488535
2.598499208123407	-1.2262073177767612
2.6084992081234066	-1.2328425839722876
2.6184992081234064	-1.2394305612237815
2.628499208123406	-1.2459714050900104
2.638499208123406	-1.2524652743105245
2.648499208123406	-1.2589123307171772
2.6584992081234056	-1.2653127391468013
2.6684992081234054	-1.27166666735504
2.678499208123405	-1.2779742859313352
2.688499208123405	-1.2842357682150691
2.6984992081234047	-1.2904512902128606
2.7084992081234045	-1.296621030517012
2.7184992081234043	-1.3027451702251065
2.728499208123404	-1.3088238928607525
2.738499208123404	-1.314857384295471
2.7484992081234036	-1.3208458326717243
2.7584992081234034	-1.3267894283270827
2.768499208123403	-1.332688363719521
2.778499208123403	-1.3385428333538463
2.788499208123403	-1.3443530337092473
2.7984992081234026	-1.350119163167963
2.8084992081234024	-1.3558414219450636
2.818499208123402	-1.3615200120193398
2.828499208123402	-1.3671551370652908
2.8384992081234017	-1.3727470023862105
2.8484992081234015	-1.378295814848359
2.8584992081234013	-1.3838017828162181
2.868499208123401	-1.3892651160888183
2.878499208123401	-1.394686025837137
2.8884992081234007	-1.4000647245425524
2.8984992081234005	-1.4054014259363523
2.9084992081234002	-1.4106963449402854
2.9184992081234	-1.4159496976081496
2.9284992081234	-1.4211617010684077
2.9384992081233996	-1.426332573467822
2.9484992081233994	-1.4314625339161011
2.958499208123399	-1.4365518024315471
2.968499208123399	-1.4416005998876973
2.9784992081233987	-1.4466091479609493
2.9884992081233985	-1.4515776690791615
2.9984992081233983	-1.456506386371219
3.008499208123398	-1.4613955236175573
3.018499208123398	-1.466245305201631
3.0284992081233977	-1.4710559560623224
3.0384992081233975	-1.475827701647275
3.0484992081233973	-1.480560767867148
3.058499208123397	-1.4852553810507778
3.068499208123397	-1.4899117679012384
3.0784992081233966	-1.4945301554527899
3.0884992081233964	-1.4991107710287066
3.098499208123396	-1.5036538421999734
3.108499208123396	-1.5081595967448413
3.1184992081233958	-1.5126282626092307
3.1284992081233955	-1.5170600678679735
3.1384992081233953	-1.5214552406868855
3.148499208123395	-1.5258140092856545
3.158499208123395	-1.5301366019015379
3.1684992081233947	-1.5344232467538583
3.1784992081233945	-1.5386741720092876
3.1884992081233943	-1.5428896057479073
3.198499208123394	-1.5470697759300387
3.208499208123394	-1.5512149103638282
3.2184992081233936	-1.5553252366735826
3.2284992081233934	-1.5594009822688386
3.238499208123393	-1.5634423743141632
3.248499208123393	-1.567449639699669
3.2584992081233928	-1.5714230050122378
3.2684992081233926	-1.5753626965074392
3.2784992081233923	-1.5792689400821414
3.288499208123392	-1.5831419612477944
3.298499208123392	-1.5869819851043838
3.3084992081233917	-1.5907892363150413
3.3184992081233915	-1.594563939081304
3.3284992081233913	-1.5983063171190113
3.338499208123391	-1.6020165936348312
3.348499208123391	-1.6056949913034053
3.3584992081233906	-1.609341732245104
3.3684992081233904	-1.6129570380043812
3.37849920812339	-1.6165411295287198
3.38849920812339	-1.62009422714816
3.39849920812339	-1.6236165505553972
3.4084992081233896	-1.6271083187864457
3.4184992081233894	-1.6305697502018535
3.428499208123389	-1.6340010624684647
3.438499208123389	-1.637402472541715
3.4484992081233887	-1.6407741966484557
3.4584992081233885	-1.6441164502702958
3.4684992081233883	-1.6474294481274525
3.478499208123388	-1.650713404163102
3.488499208123388	-1.6539685315282249
3.4984992081233877	-1.6571950425669313
3.5084992081233874	-1.6603931488022645
3.5184992081233872	-1.663563060922469
3.528499208123387	-1.666704988767718
3.538499208123387	-1.6698191413172918
3.5484992081233866	-1.6729057266771958
3.5584992081233864	-1.6759649520682163
3.568499208123386	-1.6789970238143999
3.578499208123386	-1.6820021473319517
3.5884992081233857	-1.6849805271185456
3.5984992081233855	-1.6879323667430355
3.6084992081233853	-1.6908578688355633
3.618499208123385	-1.693757235078055
3.628499208123385	-1.696630666195096
3.6384992081233847	-1.6994783619451805
3.6484992081233845	-1.7023005211123272
3.6584992081233842	-1.705097341498053
3.668499208123384	-1.7078690199136988
3.678499208123384	-1.7106157521731
3.6884992081233836	-1.7133377330855961
3.6984992081233834	-1.7160351564493699
3.708499208123383	-1.7187082150451107
3.718499208123383	-1.7213571006299986
3.7284992081233828	-1.7239820039319962
3.7384992081233825	-1.7265831146444477
3.7484992081233823	-1.7291606214209758
3.758499208123382	-1.7317147118706706
3.768499208123382	-1.7342455725535653
3.7784992081233817	-1.7367533889763915
3.7884992081233815	-1.7392383455886087
3.7984992081233813	-1.7417006257787007
3.808499208123381	-1.7441404118707373
3.818499208123381	-1.746557885121189
3.8284992081233806	-1.7489532257159945
3.8384992081233804	-1.7513266127678742
3.84849920812338	-1.7536782243138802
3.85849920812338	-1.7560082373131851
3.8684992081233798	-1.758316827645096
3.8784992081233796	-1.760604170107295
3.8884992081233793	-1.762870438414296
3.898499208123379	-1.7651158051961167
3.908499208123379	-1.7673404419971586
3.9184992081233787	-1.7695445192752903
3.9284992081233785	-1.7717282064011293
3.9384992081233783	-1.773891671657518
3.948499208123378	-1.776035082239189
3.958499208123378	-1.7781586042526154
3.9684992081233776	-1.7802624027160396
3.9784992081233774	-1.7823466415596791
3.988499208123377	-1.7844114836261025
3.998499208123377	-1.7864570906707726
4.008499208123377	-1.788483623362753
4.018499208123377	-1.7904912412855707
4.028499208123376	-1.792480102938235
4.038499208123376	-1.7944503657364055
4.048499208123376	-1.796402186013707
4.058499208123376	-1.798335719023186
4.0684992081233755	-1.8002511189389057
4.078499208123375	-1.802148538857676
4.088499208123375	-1.8040281308009138
4.098499208123375	-1.8058900457166318
4.108499208123375	-1.807734433481549
4.1184992081233744	-1.809561442903324
4.128499208123374	-1.8113712217229019
4.138499208123374	-1.813163916616977
4.148499208123374	-1.8149396732005654
4.158499208123374	-1.8166986360296822
4.168499208123373	-1.8184409486041244
4.178499208123373	-1.8201667533703534
4.188499208123373	-1.8218761917244743
4.198499208123373	-1.8235694040153108
4.2084992081233725	-1.825246529547569
4.218499208123372	-1.8269077065850923
4.228499208123372	-1.8285530723542
4.238499208123372	-1.8301827630471088
4.248499208123372	-1.8317969138254344
4.2584992081233715	-1.833395658823771
4.268499208123371	-1.8349791311533437
4.278499208123371	-1.8365474629057346
4.288499208123371	-1.838100785156677
4.298499208123371	-1.8396392279699176
4.30849920812337	-1.8411629204011724
4.31849920812337	-1.8426719905020938
4.32849920812337	-1.8441665653242103
4.33849920812337	-1.8456467709231827
4.3484992081233695	-1.8471127323629206
4.358499208123369	-1.8485645737197869
4.368499208123369	-1.850002418086863
4.378499208123369	-1.8514263875782613
4.388499208123369	-1.8528366033334842
4.3984992081233685	-1.8542331855218284
4.408499208123368	-1.8556162533468303
4.418499208123368	-1.8569859250507545
4.428499208123368	-1.8583423179191185
4.438499208123368	-1.8596855482852548
4.448499208123367	-1.8610157315349092
4.458499208123367	-1.862332982084862
4.468499208123367	-1.863637413452855
4.478499208123367	-1.8649291382229427
4.488499208123367	-1.8662082680371226
4.498499208123366	-1.867474913613267
4.508499208123366	-1.8687291847498837
4.518499208123366	-1.8699711903309109
4.528499208123366	-1.8712010383305315
4.5384992081233655	-1.872418835818011
4.548499208123365	-1.8736246889625514
4.558499208123365	-1.8748187030381658
4.568499208123365	-1.8760009824285644
4.578499208123365	-1.87717163063206
4.588499208123364	-1.8783307502664828
4.598499208123364	-1.8794784430741087
4.608499208123364	-1.8806148099266
4.618499208123364	-1.8817399508299515
4.628499208123364	-1.8828539649294487
4.638499208123363	-1.8839569505146314
4.648499208123363	-1.8850490050242634
4.658499208123363	-1.8861302250513061
4.668499208123363	-1.8872007063478977
4.6784992081233625	-1.888260543830333
4.688499208123362	-1.8893098315840466
4.698499208123362	-1.890348662868595
4.708499208123362	-1.8913771301226392
4.718499208123362	-1.8923953249689254
4.728499208123361	-1.8934033382192639
4.738499208123361	-1.8944012598795046
4.748499208123361	-1.8953891791545072
4.758499208123361	-1.8963671844531087
4.768499208123361	-1.8973353633930816
4.77849920812336	-1.8982938028060896
4.78849920812336	-1.8992425887426312
4.79849920812336	-1.900181806476979
4.80849920812336	-1.9011115405121073
4.8184992081233595	-1.9020318745846105
4.828499208123359	-1.9029428916696123
4.838499208123359	-1.903844673985661
4.848499208123359	-1.9047373029996155
4.858499208123359	-1.9056208594315167
4.8684992081233585	-1.9064954232594473
4.878499208123358	-1.9073610737243765
4.888499208123358	-1.9082178893349897
4.898499208123358	-1.909065947872506
4.908499208123358	-1.9099053263954764
4.918499208123357	-1.9107361012445676
4.928499208123357	-1.911558348047329
4.938499208123357	-1.9123721417229431
4.948499208123357	-1.913177556486956
4.9584992081233565	-1.9139746658559913
4.968499208123356	-1.9147635426524445
4.978499208123356	-1.9155442590091591
4.988499208123356	-1.9163168863740818
4.998499208123356	-1.917081495514898
5.0084992081233555	-1.9178381565236466
5.018499208123355	-1.9185869388213148
5.028499208123355	-1.91932791116241
5.038499208123355	-1.920061141639511
5.048499208123355	-1.9207866976877976
5.058499208123354	-1.9215046460895555
5.068499208123354	-1.9222150529786606
5.078499208123354	-1.9229179838450396
5.088499208123354	-1.9236135035391067
5.0984992081233536	-1.9243016762761762
5.108499208123353	-1.9249825656408521
5.118499208123353	-1.9256562345913926
5.128499208123353	-1.9263227454640504
5.138499208123353	-1.9269821599773869
5.1484992081233525	-1.9276345392365632
5.158499208123352	-1.9282799437376037
5.168499208123352	-1.9289184333716354
5.178499208123352	-1.9295500674291004
5.188499208123352	-1.9301749046039436
5.198499208123351	-1.9307930029977718
5.208499208123351	-1.9314044201239888
5.218499208123351	-1.9320092129119026
5.228499208123351	-1.932607437710805
5.238499208123351	-1.9331991502940247
5.24849920812335	-1.9337844058629547
5.25849920812335	-1.9343632590510502
5.26849920812335	-1.9349357639277989
5.27849920812335	-1.9355019740026647
5.2884992081233495	-1.9360619422290042
5.298499208123349	-1.9366157210079529
5.308499208123349	-1.9371633621922852
5.318499208123349	-1.9377049170902454
5.328499208123349	-1.9382404364693508
5.338499208123348	-1.9387699705601658
5.348499208123348	-1.9392935690600475
5.358499208123348	-1.9398112811368635
5.368499208123348	-1.9403231554326803
5.378499208123348	-1.9408292400674223
5.388499208123347	-1.9413295826425037
5.398499208123347	-1.9418242302444293
5.408499208123347	-1.9423132294483678
5.418499208123347	-1.9427966263216954
5.4284992081233465	-1.9432744664275108
5.438499208123346	-1.9437467948281202
5.448499208123346	-1.9442136560884933
5.458499208123346	-1.9446750942796907
5.468499208123346	-1.945131152982261
5.4784992081233455	-1.9455818752896092
5.488499208123345	-1.9460273038113358
5.498499208123345	-1.9464674806765454
5.508499208123345	-1.9469024475371275
5.518499208123345	-1.947332245571007
5.528499208123344	-1.9477569154853644
5.538499208123344	-1.9481764975198286
5.548499208123344	-1.948591031449638
5.558499208123344	-1.9490005565887738
5.5684992081233435	-1.9494051117930624
5.578499208123343	-1.94980473546325
5.588499208123343	-1.9501994655480457
5.598499208123343	-1.9505893395471365
5.608499208123343	-1.9509743945141733
5.6184992081233425	-1.9513546670597253
5.628499208123342	-1.9517301933542073
5.638499208123342	-1.952101009130776
5.648499208123342	-1.9524671496881978
5.658499208123342	-1.9528286498936867
5.668499208123341	-1.953185544185713
5.678499208123341	-1.953537866576783
5.688499208123341	-1.9538856506561884
5.698499208123341	-1.9542289295927273
5.7084992081233406	-1.9545677361373968
5.71849920812334	-1.9549021026260538
5.72849920812334	-1.955232060982049
5.73849920812334	-1.9555576427188315
5.74849920812334	-1.9558788789425219
5.7584992081233395	-1.9561958003544604
5.768499208123339	-1.9565084372537223
5.778499208123339	-1.9568168195396058
5.788499208123339	-1.9571209767140922
5.798499208123339	-1.9574209378842748
5.808499208123338	-1.9577167317647606
5.818499208123338	-1.9580083866800424
5.828499208123338	-1.9582959305668433
5.838499208123338	-1.958579390976431
5.848499208123338	-1.9588587950769045
5.858499208123337	-1.9591341696554516
5.868499208123337	-1.9594055411205789
5.878499208123337	-1.9596729355043112
5.888499208123337	-1.9599363784643653
5.8984992081233365	-1.9601958952862932
5.908499208123336	-1.9604515108855978
5.918499208123336	-1.96070324980982
5.928499208123336	-1.9609511362405985
5.938499208123336	-1.9611951939957002
5.948499208123335	-1.9614354465310233
5.958499208123335	-1.961671916942572
5.968499208123335	-1.9619046279684034
5.978499208123335	-1.9621336019905462
5.988499208123335	-1.9623588610368918
5.998499208123334	-1.962580426783058
6.008499208123334	-1.9627983205542237
6.018499208123334	-1.9630125633269364
6.028499208123334	-1.963223175730893
6.0384992081233335	-1.9634301780506924
6.048499208123333	-1.963633590227559
6.058499208123333	-1.9638334318610415
6.068499208123333	-1.9640297222106826
6.078499208123333	-1.964222480197661
6.0884992081233325	-1.9644117244064077
6.098499208123332	-1.964597473086193
6.108499208123332	-1.9647797441526882
6.118499208123332	-1.9649585551894988
6.128499208123332	-1.965133923449671
6.138499208123331	-1.9653058658571716
6.148499208123331	-1.9654743990083403
6.158499208123331	-1.9656395391733157
6.168499208123331	-1.9658013022974334
6.1784992081233305	-1.965959704002599
6.18849920812333	-1.9661147595886315
6.19849920812333	-1.9662664840345834
6.20849920812333	-1.9664148920000315
6.21849920812333	-1.9665599978263426
6.2284992081233295	-1.9667018155379112
6.238499208123329	-1.966840358843372
6.248499208123329	-1.966975641136786
6.258499208123329	-1.9671076754987984
6.268499208123329	-1.967236474697772
6.278499208123328	-1.9673620511908936
6.288499208123328	-1.9674844171252537
6.298499208123328	-1.9676035843389004
6.308499208123328	-1.9677195643618672
6.3184992081233275	-1.9678323684171748
6.328499208123327	-1.9679420074218053
6.338499208123327	-1.9680484919876517
6.348499208123327	-1.9681518324224427
6.358499208123327	-1.9682520387306377
6.3684992081233265	-1.9683491206142991
6.378499208123326	-1.9684430874739374
6.388499208123326	-1.9685339484093307
6.398499208123326	-1.968621712220318
6.408499208123326	-1.9687063874075672
6.418499208123325	-1.9687879821733167
6.428499208123325	-1.968866504422092
6.438499208123325	-1.9689419617613961
6.448499208123325	-1.9690143615023732
6.458499208123325	-1.969083710660449
6.468499208123324	-1.969150015955944
6.478499208123324	-1.969213283814661
6.488499208123324	-1.9692735203684473
6.498499208123324	-1.969330731917828
6.5084992081233235	-1.9693849234974283
6.518499208123323	-1.9694361003605088
6.528499208123323	-1.969484266869488
6.538499208123323	-1.9695294285644724
6.548499208123323	-1.9695715895999197
6.558499208123322	-1.9696107540645285
6.568499208123322	-1.9696469260479768
6.578499208123322	-1.969680108717009
6.588499208123322	-1.969710305289328
6.598499208123322	-1.96973751834825
6.608499208123321	-1.9697617510639929
6.618499208123321	-1.9697830056473937
6.628499208123321	-1.9698012841234365
6.638499208123321	-1.9698165882827008
6.6484992081233205	-1.9698289196232355
6.65849920812332	-1.9698382793465143
6.66849920812332	-1.9698446683612927
6.67849920812332	-1.9698480872868371
6.68849920812332	-1.9698485364543057
6.6984992081233194	-1.9698460159070492
6.708499208123319	-1.9698405254005462
6.718499208123319	-1.9698320644022904
6.728499208123319	-1.969820632091696
6.738499208123319	-1.9698062273600137
6.748499208123318	-1.9697888488102324
6.758499208123318	-1.9697684947569603
6.768499208123318	-1.9697451632262768
6.778499208123318	-1.9697188519555617
6.7884992081233175	-1.9696895583932956
6.798499208123317	-1.9696572796988356
6.808499208123317	-1.9696220127421673
6.818499208123317	-1.9695837541036292
6.828499208123317	-1.9695425000736126
6.8384992081233165	-1.9694982467206663
6.848499208123316	-1.9694509896777155
6.858499208123316	-1.9694007243715357
6.868499208123316	-1.9693474459292237
6.878499208123316	-1.9692911487313416
6.888499208123315	-1.9692318277268872
6.898499208123315	-1.9691694771659534
6.908499208123315	-1.9691040917821365
6.918499208123315	-1.9690356642751716
6.9284992081233145	-1.9689641882484596
6.938499208123314	-1.9688896567770133
6.948499208123314	-1.9688120620127385
6.958499208123314	-1.9687313970149256
6.968499208123314	-1.9686476539687698
6.9784992081233135	-1.9685608257976794
6.988499208123313	-1.9684709027836538
6.998499208123313	-1.968377876537986
7.008499208123313	-1.9682817380528532
7.018499208123313	-1.9681824780187516
7.028499208123312	-1.968080086824939
7.038499208123312	-1.96797455455853
7.048499208123312	-1.967865871003636
7.058499208123312	-1.9677540256404782
7.068499208123312	-1.9676390076444699
7.078499208123311	-1.9675208058852771
7.088499208123311	-1.9673994089258502
7.098499208123311	-1.9672748050214306
7.108499208123311	-1.9671469821185308
7.1184992081233105	-1.9670159278538888
7.12849920812331	-1.966881629553396
7.13849920812331	-1.9667440742309987
7.14849920812331	-1.9666032485875737
7.15849920812331	-1.9664591390097763
7.168499208123309	-1.9663117315688639
7.178499208123309	-1.966161012019491
7.188499208123309	-1.9660069657984802
7.198499208123309	-1.9658495780235632
7.208499208123309	-1.9656888334920986
7.218499208123308	-1.9655247166797605
7.228499208123308	-1.9653572117392029
7.238499208123308	-1.9651863024986944
7.248499208123308	-1.9650119724607282
7.2584992081233075	-1.9648342048006049
7.268499208123307	-1.9646529823649876
7.278499208123307	-1.964468287670431
7.288499208123307	-1.9642801029018822
7.298499208123307	-1.9640884099111564
7.3084992081233064	-1.9638931902153831
7.318499208123306	-1.9636944249954271
7.328499208123306	-1.963492095094281
7.338499208123306	-1.9632861810154312
7.348499208123306	-1.9630766629211962
7.358499208123305	-1.962863520631037
7.368499208123305	-1.9626467336198408
7.378499208123305	-1.9624262810161768
7.388499208123305	-1.9622021416005249
7.3984992081233045	-1.9619742938034763
7.408499208123304	-1.961742715703906
7.418499208123304	-1.9615073850271183
7.428499208123304	-1.961268279142964
7.438499208123304	-1.9610253750639308
7.4484992081233035	-1.9607786494432042
7.458499208123303	-1.9605280785727006
7.468499208123303	-1.9602736383810746
7.478499208123303	-1.9600153044316948
7.488499208123303	-1.9597530519205946
7.498499208123302	-1.959486855674392
7.508499208123302	-1.9592166901481842
7.518499208123302	-1.9589425294234106
7.528499208123302	-1.9586643472056902
7.5384992081233015	-1.9583821168226287
7.548499208123301	-1.9580958112215987
7.558499208123301	-1.9578054029674896
7.568499208123301	-1.9575108642404306
7.578499208123301	-1.9572121668334839
7.5884992081233005	-1.9569092821503098
7.5984992081233	-1.9566021812028032
7.6084992081233	-1.9562908346087005
7.6184992081233	-1.9559752125891592
7.6284992081233	-1.9556552849663065
7.638499208123299	-1.955331021160761
7.648499208123299	-1.9550023901891245
7.658499208123299	-1.954669360661444
7.668499208123299	-1.954331900778647
7.678499208123299	-1.9539899783299453
7.688499208123298	-1.9536435606902107
7.698499208123298	-1.953292614817322
7.708499208123298	-1.9529371072494817
7.718499208123298	-1.9525770041025041
7.7284992081232975	-1.9522122710670748
7.738499208123297	-1.9518428734059792
7.748499208123297	-1.9514687759513032
7.758499208123297	-1.9510899431016038
7.768499208123297	-1.950706338819051
7.778499208123296	-1.9503179266265396
7.788499208123296	-1.949924669604771
7.798499208123296	-1.9495265303893077
7.808499208123296	-1.9491234711675962
7.818499208123296	-1.9487154536759614
7.828499208123295	-1.948302439196572
7.838499208123295	-1.9478843885543742
7.848499208123295	-1.9474612621139995
7.858499208123295	-1.94703301977664
7.8684992081232945	-1.9465996209768945
7.878499208123294	-1.9461610246795877
7.888499208123294	-1.9457171893765561
7.898499208123294	-1.945268073083408
7.908499208123294	-1.9448136333362511
7.918499208123293	-1.944353827188393
7.928499208123293	-1.9438886112070104
7.938499208123293	-1.9434179414697905
7.948499208123293	-1.9429417735615422
7.958499208123293	-1.9424600625707777
7.968499208123292	-1.9419727630862658
7.978499208123292	-1.9414798291935544
7.988499208123292	-1.9409812144714658
7.998499208123292	-1.9404768719885608
8.008499208123292	-1.9399667542995755
8.018499208123291	-1.9394508134418282
8.028499208123291	-1.9389290009315963
8.03849920812329	-1.9384012677604663
8.04849920812329	-1.9378675643916543
8.05849920812329	-1.9373278407562964
8.06849920812329	-1.9367820462497125
8.07849920812329	-1.9362301297276399
8.08849920812329	-1.9356720395024394
8.09849920812329	-1.9351077233392726
8.10849920812329	-1.934537128452251
8.11849920812329	-1.9339602015005573
8.128499208123289	-1.9333768885845373
8.138499208123289	-1.9327871352417665
8.148499208123289	-1.9321908864430868
8.158499208123288	-1.9315880865886155
8.168499208123288	-1.930978679503729
8.178499208123288	-1.930362608435016
8.188499208123288	-1.9297398160462071
8.198499208123287	-1.9291102444140746
8.208499208123287	-1.9284738350243067
8.218499208123287	-1.9278305287673556
8.228499208123287	-1.9271802659342583
8.238499208123287	-1.9265229862124311
8.248499208123286	-1.9258586286814394
8.258499208123286	-1.9251871318087403
8.268499208123286	-1.9245084334454008
8.278499208123286	-1.9238224708217901
8.288499208123286	-1.923129180543247
8.298499208123285	-1.9224284985857236
8.308499208123285	-1.921720360291402
8.318499208123285	-1.9210047003642898
8.328499208123285	-1.9202814528657897
8.338499208123284	-1.9195505512102466
8.348499208123284	-1.9188119281604707
8.358499208123284	-1.9180655158232383
8.368499208123284	-1.9173112456447694
8.378499208123284	-1.916549048406184
8.388499208123283	-1.9157788542189353
8.398499208123283	-1.9150005925202227
8.408499208123283	-1.9142141920683822
8.418499208123283	-1.9134195809382581
8.428499208123283	-1.9126166865165528
8.438499208123282	-1.9118054354971572
8.448499208123282	-1.9109857538764623
8.458499208123282	-1.9101575669486508
8.468499208123282	-1.909320799300971
8.478499208123282	-1.9084753748089935
8.488499208123281	-1.907621216631848
8.498499208123281	-1.906758247207446
8.50849920812328	-1.9058863882476853
8.51849920812328	-1.905005560733639
8.52849920812328	-1.9041156849107292
8.53849920812328	-1.9032166802838881
8.54849920812328	-1.9023084656127007
8.55849920812328	-1.901390958906538
8.56849920812328	-1.9004640774196753
8.57849920812328	-1.8995277376463988
8.58849920812328	-1.898581855316102
8.598499208123279	-1.8976263453883686
8.608499208123279	-1.8966611220480485
8.618499208123279	-1.895686098700322
8.628499208123278	-1.894701187965756
8.638499208123278	-1.8937063016753541
8.648499208123278	-1.8927013508655977
8.658499208123278	-1.8916862457734809
8.668499208123277	-1.8906608958315423
8.678499208123277	-1.88962520966289
8.688499208123277	-1.8885790950762238
8.698499208123277	-1.8875224590608553
8.708499208123277	-1.8864552077817256
8.718499208123276	-1.8853772465744232
8.728499208123276	-1.8842884799402002
8.738499208123276	-1.8831888115409923
8.748499208123276	-1.8820781441944388
8.758499208123276	-1.8809563798689073
8.768499208123275	-1.879823419678523
8.778499208123275	-1.8786791638782026
8.788499208123275	-1.8775235118586948
8.798499208123275	-1.87635636214163
8.808499208123274	-1.8751776123745783
8.818499208123274	-1.8739871593261175
8.828499208123274	-1.8727848988809128
8.838499208123274	-1.8715707260348102
8.848499208123274	-1.8703445348899428
8.858499208123273	-1.8691062186498535
8.868499208123273	-1.8678556696146345
8.878499208123273	-1.8665927791760848
8.888499208123273	-1.865317437812888
8.898499208123273	-1.8640295350858112
8.908499208123272	-1.8627289596329257
8.918499208123272	-1.8614155991648544
8.928499208123272	-1.8600893404600425
8.938499208123272	-1.8587500693600578
8.948499208123271	-1.8573976707649185
8.958499208123271	-1.856032028628454
8.968499208123271	-1.854653025953696
8.97849920812327	-1.8532605447883064
8.98849920812327	-1.8518544662200394
8.99849920812327	-1.850434670372243
9.00849920812327	-1.8490010363994003
9.01849920812327	-1.8475534424827122
9.02849920812327	-1.8460917658257252
9.03849920812327	-1.8446158826500032
9.04849920812327	-1.8431256681908492
9.05849920812327	-1.8416209966930763
9.068499208123269	-1.8401017414068315
9.078499208123269	-1.8385677745834723
9.088499208123269	-1.8370189674715027
9.098499208123268	-1.8354551903125662
9.108499208123268	-1.8338763123375
9.118499208123268	-1.8322822017624545
9.128499208123268	-1.830672725785078
9.138499208123267	-1.8290477505807696
9.148499208123267	-1.8274071412990045
9.158499208123267	-1.8257507620597317
9.168499208123267	-1.8240784759498492
9.178499208123267	-1.8223901450197573
9.188499208123266	-1.8206856302799947
9.198499208123266	-1.8189647916979592
9.208499208123266	-1.8172274881947144
9.218499208123266	-1.8154735657106764
9.228499208123266	-1.813702892821073
9.238499208123265	-1.811915325287564
9.248499208123265	-1.810110736052411
9.258499208123265	-1.8082889547010863
9.268499208123265	-1.8064498398080466
9.278499208123264	-1.8045932428938196
9.288499208123264	-1.8027190018529824
9.298499208123264	-1.8008269784352533
9.308499208123264	-1.7989170209420646
9.318499208123264	-1.7969889957745844
9.328499208123263	-1.7950427237817863
9.338499208123263	-1.793078056341002
9.348499208123263	-1.7910948373115985
9.358499208123263	-1.7890929096721826
9.368499208123263	-1.787072115302636
9.378499208123262	-1.7850322949678865
9.388499208123262	-1.7829732883309812
9.398499208123262	-1.7808949339638458
9.408499208123262	-1.7787970693513595
9.418499208123261	-1.7766795308917132
9.428499208123261	-1.7745421538957096
9.438499208123261	-1.7723847725861617
9.44849920812326	-1.7702072200976413
9.45849920812326	-1.7680093284765297
9.46849920812326	-1.7657909286812974
9.47849920812326	-1.7635518505829806
9.48849920812326	-1.7612919229658455
9.49849920812326	-1.7590109735282458
9.50849920812326	-1.7567088288836812
9.51849920812326	-1.7543853145620627
9.52849920812326	-1.7520402550111884
9.538499208123259	-1.7496734735984385
9.548499208123259	-1.7472847926126909
9.558499208123258	-1.7448740335213244
9.568499208123258	-1.7424410161785548
9.578499208123258	-1.7399855596799225
9.588499208123258	-1.7375074820241967
9.598499208123258	-1.7350065848009868
9.608499208123257	-1.732482699048839
9.618499208123257	-1.7299356395791314
9.628499208123257	-1.7273652435051836
9.638499208123257	-1.724771292650004
9.648499208123257	-1.722153606375298
9.658499208123256	-1.7195119953071831
9.668499208123256	-1.7168462690290773
9.678499208123256	-1.714156236094671
9.688499208123256	-1.71144170403229
9.698499208123255	-1.7087024793509151
9.708499208123255	-1.7059383675464195
9.718499208123255	-1.7031491731081319
9.728499208123255	-1.7003346995257258
9.738499208123255	-1.6974947492964467
9.748499208123254	-1.69462912393268
9.758499208123254	-1.6917376239698714
9.768499208123254	-1.688820048974801
9.778499208123254	-1.6858761975542234
9.788499208123254	-1.682905867363877
9.798499208123253	-1.6799088551178747
9.808499208123253	-1.6768849565984754
9.818499208123253	-1.6738339666662532
9.828499208123253	-1.6707556792706653
9.838499208123253	-1.6676498874610277
9.848499208123252	-1.664516383397908
9.858499208123252	-1.6613549583649416
9.868499208123252	-1.65816540278108
9.878499208123252	-1.6549475062132784
9.888499208123251	-1.6517010573896311
9.898499208123251	-1.6484258442129638
9.908499208123251	-1.6451216537748883
9.91849920812325	-1.6417882723703319
9.92849920812325	-1.638425485512546
9.93849920812325	-1.635033077948605
9.94849920812325	-1.6316108336754038
9.95849920812325	-1.6281585359561594
9.96849920812325	-1.6246759673374316
9.97849920812325	-1.6211629096666647
9.98849920812325	-1.617619144110264
9.998499208123249	-1.6140444511722145
10.008499208123249	-1.6104386107132491
10.018499208123249	-1.6068014019705785
10.028499208123248	-1.6031326035781897
10.038499208123248	-1.5994319935877237
10.048499208123248	-1.595699349489941
10.058499208123248	-1.5919344482367834
10.068499208123248	-1.5881370662640444
10.078499208123247	-1.5843069795146534
10.088499208123247	-1.580443963462589
10.098499208123247	-1.576547793137425
10.108499208123247	-1.5726182431495224
10.118499208123247	-1.5686550877158765
10.128499208123246	-1.564658100686629
10.138499208123246	-1.5606270555722537
10.148499208123246	-1.5565617255714272
10.158499208123246	-1.5524618835995943
10.168499208123245	-1.5483273023182356
10.178499208123245	-1.5441577541648523
10.188499208123245	-1.5399530113836735
10.198499208123245	-1.5357128460570975
10.208499208123245	-1.5314370301378786
10.218499208123244	-1.527125335482068
10.228499208123244	-1.5227775338827187
10.238499208123244	-1.5183933971043664
10.248499208123244	-1.5139726969182936
10.258499208123244	-1.50951520513859
10.268499208123243	-1.5050206936590187
10.278499208123243	-1.5004889344906944
10.288499208123243	-1.495919699800592
10.298499208123243	-1.4913127619508857
10.308499208123242	-1.4866678935391375
10.318499208123242	-1.481984867439339
10.328499208123242	-1.4772634568438205
10.338499208123242	-1.472503435306035
10.348499208123242	-1.4677045767842276
10.358499208123241	-1.4628666556860015
10.368499208123241	-1.4579894469137886
10.378499208123241	-1.4530727259112353
10.38849920812324	-1.448116268710514
10.39849920812324	-1.4431198519805688
10.40849920812324	-1.4380832530763044
10.41849920812324	-1.43300625008873
10.42849920812324	-1.4278886035388496
10.43849920812324	-1.422730111646056
10.44849920812324	-1.4175305550277602
10.45849920812324	-1.412289715247983
10.468499208123239	-1.407007374872984
10.478499208123239	-1.401683317526726
10.488499208123239	-1.3963173279479517
10.498499208123238	-1.3909091920482863
10.508499208123238	-1.3854586969713725
10.518499208123238	-1.3799656311530477
10.528499208123238	-1.3744297843825712
10.538499208123238	-1.3688509478649076
10.548499208123237	-1.363228914284076
10.558499208123237	-1.3575634778675727
10.568499208123237	-1.3518544344518693
10.578499208123237	-1.3461015815490016
10.588499208123237	-1.340304718414249
10.598499208123236	-1.3344636461149124
10.608499208123236	-1.3285781676001998
10.618499208123236	-1.3226480877722206
10.628499208123236	-1.316673213558099
10.638499208123235	-1.310653353983206
10.648499208123235	-1.304588320245522
10.658499208123235	-1.2984779257911276
10.668499208123235	-1.2923220092462295
10.678499208123235	-1.2861203577152418
10.688499208123234	-1.279872799655063
10.698499208123234	-1.273579158261443
10.708499208123234	-1.2672392592115922
10.718499208123234	-1.2608529312709182
10.728499208123234	-1.2544200058020705
10.738499208123233	-1.2479403170585108
10.748499208123233	-1.2414137022904976
10.758499208123233	-1.2348400018112782
10.768499208123233	-1.2282190590931572
10.778499208123232	-1.2215507208506666
10.788499208123232	-1.2148348371297906
10.798499208123232	-1.2080712614024256
10.808499208123232	-1.2012598506585266
10.818499208123232	-1.1944004654998963
10.828499208123231	-1.1874929702352248
10.838499208123231	-1.1805372329762664
10.848499208123231	-1.1735331257351556
10.85849920812323	-1.1664805245228513
10.86849920812323	-1.1593793094487108
10.87849920812323	-1.1522293648211794
10.88849920812323	-1.1450305792495945
10.89849920812323	-1.1377828457470933
10.90849920812323	-1.1304860618346166
10.91849920812323	-1.1231401296459995
10.92849920812323	-1.1157449560341381
10.938499208123229	-1.108300452678222
10.948499208123229	-1.1008065361920225
10.958499208123229	-1.0932631282332206
10.968499208123228	-1.0856701556137645
10.978499208123228	-1.0780275504112427
10.988499208123228	-1.0703352500812544
10.998499208123228	-1.062593197570766
11.008499208123228	-1.0548013414324326
11.018499208123227	-1.0469596359398696
11.028499208123227	-1.039068041203856
11.038499208123227	-1.0311265232894478
11.048499208123227	-1.0231350543339814
11.058499208123227	-1.0150936126659482
11.068499208123226	-1.0070021829247138
11.078499208123226	-0.9988607561810614
11.088499208123226	-0.990669330058533
11.098499208123226	-0.9824279088555434
11.108499208123225	-0.9741365036682403
11.118499208123225	-0.9657951325140826
11.128499208123225	-0.9574038204561066
11.138499208123225	-0.9489625997278532
11.148499208123225	-0.940471509858921
11.158499208123224	-0.931930597801115
11.168499208123224	-0.9233399180551574
11.178499208123224	-0.9146995327979252
11.188499208123224	-0.9060095120101775
11.198499208123224	-0.8972699336047376
11.208499208123223	-0.8884808835550888
11.218499208123223	-0.8796424560243467
11.228499208123223	-0.8707547534945644
11.238499208123223	-0.8618178868963307
11.248499208123222	-0.852831975738615
11.258499208123222	-0.8437971482388177
11.268499208123222	-0.8347135414529755
11.278499208123222	-0.8255813014060777
11.288499208123222	-0.8164005832224424
11.298499208123221	-0.8071715512561033
11.308499208123221	-0.7978943792211555
11.318499208123221	-0.7885692503220068
11.32849920812322	-0.7791963573834805
11.33849920812322	-0.7697759029807145
11.34849920812322	-0.7603080995687989
11.35849920812322	-0.7507931696130266
11.36849920812322	-0.741231345717262
11.37849920812322	-0.731622870748748
11.38849920812322	-0.7219679979712298
11.39849920812322	-0.7122669911708029
11.408499208123219	-0.7025201247824834
11.418499208123219	-0.6927276840163015
11.428499208123219	-0.6828899649826291
11.438499208123218	-0.6730072748166688
11.448499208123218	-0.6630799318020348
11.458499208123218	-0.6531082654933547
11.468499208123218	-0.6430926168378158
11.478499208123218	-0.6330333382955838
11.488499208123217	-0.6229307939590153
11.498499208123217	-0.6127853596705881
11.508499208123217	-0.6025974231394698
11.518499208123217	-0.5923673840566446
11.528499208123216	-0.5820956542085162
11.538499208123216	-0.5717826575889061
11.548499208123216	-0.5614288305093607
11.558499208123216	-0.5510346217076837
11.568499208123216	-0.5406004924546085
11.578499208123215	-0.5301269166585199
11.588499208123215	-0.5196143809681396
11.598499208123215	-0.5090633848730853
11.608499208123215	-0.49847444116543155
11.618499208123215	-0.4878480751324742
11.628499208123214	-0.4771848251886634
11.638499208123214	-0.4664852431466413
11.648499208123214	-0.45574989329304527
11.658499208123214	-0.44497935515322923
11.668499208123214	-0.4341742206309892
11.678499208123213	-0.42333509518562557
11.688499208123213	-0.4124625980031487
11.698499208123213	-0.40155736236243594
11.708499208123213	-0.39062003475039275
11.718499208123212	-0.3796512755003107
11.728499208123212	-0.3686517590467178
11.738499208123212	-0.3576221729218619
11.748499208123212	-0.3465632206260914
11.758499208123212	-0.33547561858593977
11.768499208123211	-0.324360097360052
11.778499208123211	-0.31321740178299434
11.788499208123211	-0.30204829130745564
11.79849920812321	-0.2908535390522455
11.80849920812321	-0.27963393242830026
11.81849920812321	-0.26839027336562127
11.82849920812321	-0.25712337724412077
11.83849920812321	-0.24583407580321867
11.84849920812321	-0.23452321397318387
11.85849920812321	-0.22319165107867417
11.86849920812321	-0.21184026094472064
11.878499208123209	-0.2004699321991784
11.888499208123209	-0.18908156726871173
11.898499208123209	-0.1776760829704961
11.908499208123208	-0.16625441069840696
11.918499208123208	-0.1548174953075113
11.928499208123208	-0.14336629798154396
11.938499208123208	-0.13190179300891247
11.948499208123208	-0.12042496894655809
11.958499208123207	-0.10893682867735925
11.968499208123207	-0.09743838965575606
11.978499208123207	-0.08593068287225855
11.988499208123207	-0.074414753386193
11.998499208123206	-0.06289166045771055
12.008499208123206	-0.05136247641118657
12.018499208123206	-0.03982828936532544
12.028499208123206	-0.028290200041896665
12.038499208123206	-0.016749322847261137
12.048499208123205	-0.005206785870720614
12.058499208123205	0.006336268944298401
12.068499208123205	0.017878686841063297
12.078499208123205	0.029419299802278122
12.088499208123205	0.04095692648558013
12.098499208123204	0.05249037334990669
12.108499208123204	0.06401843216977648
12.118499208123204	0.0755398830900019
12.128499208123204	0.08705349367331404
12.138499208123203	0.09855801897051217
12.148499208123203	0.11005220144091049
12.158499208123203	0.12153477196681445
12.168499208123203	0.1330044495190206
12.178499208123203	0.1444599411721793
12.188499208123202	0.15589994318384226
12.198499208123202	0.16732313886844838
12.208499208123202	0.17872820139810955
12.218499208123202	0.1901137930285958
12.228499208123202	0.20147856524555818
12.238499208123201	0.21282115879221836
12.248499208123201	0.22414020462081494
12.258499208123201	0.23543432369741088
12.2684992081232	0.24670212710753803
12.2784992081232	0.25794221646261056
12.2884992081232	0.26915318416459205
12.2984992081232	0.2803336136781135
12.3084992081232	0.2914820798097759
12.3184992081232	0.3025971489946374
12.3284992081232	0.313677379589848
12.3384992081232	0.324721322175394
12.348499208123199	0.3357275198619071
12.358499208123199	0.34669450860548867
12.368499208123199	0.35762081752949526
12.378499208123198	0.3685049692532226
12.388499208123198	0.37934548022742415
12.398499208123198	0.3901408610765901
12.408499208123198	0.4008896169479108
12.418499208123198	0.4115902478668406
12.428499208123197	0.4222412490991723
12.438499208123197	0.4328411115195285
12.448499208123197	0.4433883219861671
12.458499208123197	0.4538813637219969
12.468499208123196	0.4643187167016873
12.478499208123196	0.4746988580447565
12.488499208123196	0.4850202624145121
12.498499208123196	0.4952814024227148
12.508499208123196	0.5054807490398274
12.518499208123195	0.5156167720107098
12.528499208123195	0.5256879402756084
12.538499208123195	0.5356927223962906
12.548499208123195	0.5456295869871605
12.558499208123195	0.5554970031511934
12.568499208123194	0.5652934409205183
12.578499208123194	0.5750173717014692
12.588499208123194	0.5846672687239266
12.598499208123194	0.5942416073369892
12.608499208123193	0.6037388659179881
12.618499208123193	0.6131575259010844
12.628499208123193	0.6224960723684243
12.638499208123193	0.6317529945437538
12.648499208123193	0.6409267862501586
12.658499208123192	0.6500159463832039
12.668499208123192	0.659018979387511
12.678499208123192	0.6679343957356249
12.688499208123192	0.676760712409059
12.698499208123192	0.6854964533812843
12.708499208123191	0.6941401501024185
12.718499208123191	0.7026903419853724
12.728499208123191	0.7111455768932027
12.73849920812319	0.7195044116274173
12.74849920812319	0.7277654124169775
12.75849920812319	0.7359271554077362
12.76849920812319	0.7439882271520486
12.77849920812319	0.7519472250982878
12.78849920812319	0.7598027580799981
12.79849920812319	0.7675534468044111
12.80849920812319	0.7751979243400517
12.818499208123189	0.7827348366031577
12.828499208123189	0.7901628428426316
12.838499208123189	0.7974806161232468
12.848499208123188	0.8046868438068248
12.858499208123188	0.811780228031099
12.868499208123188	0.8187594861859824
12.878499208123188	0.8256233513869525
12.888499208123188	0.8323705729452673
12.898499208123187	0.8389999168347263
12.908499208123187	0.845510166154691
12.918499208123187	0.851900121589076
12.928499208123187	0.8581686018610281
12.938499208123186	0.8643144441830048
12.948499208123186	0.8703365047019714
12.958499208123186	0.8762336589394296
12.968499208123186	0.8820048022259998
12.978499208123186	0.8876488501302742
12.988499208123185	0.8931647388816656
12.998499208123185	0.8985514257869728
13.008499208123185	0.9038078896403927
13.018499208123185	0.9089331311267072
13.028499208123185	0.9139261732173772
13.038499208123184	0.9187860615592816
13.048499208123184	0.923511864855838
13.058499208123184	0.9281026752402526
13.068499208123184	0.9325576086406429
13.078499208123183	0.9368758051367874
13.088499208123183	0.9410564293082588
13.098499208123183	0.9450986705737014
13.108499208123183	0.9490017435210196
13.118499208123183	0.9527648882282492
13.128499208123182	0.9563873705748902
13.138499208123182	0.9598684825434821
13.148499208123182	0.9632075425112135
13.158499208123182	0.96640389553136
13.168499208123182	0.9694569136043532
13.178499208123181	0.9723659959382899
13.188499208123181	0.975130569198697
13.198499208123181	0.9777500877398295
13.20849920812318	0.9802240338545328
13.21849920812318	0.9825519179728612
13.22849920812318	0.9847332788644586
13.23849920812318	0.9867676838401995
13.24849920812318	0.9886547289321723
13.25849920812318	0.9903940390634853
13.26849920812318	0.9919852682063154
13.27849920812318	0.9934280995279167
13.288499208123179	0.99472224552446
13.298499208123179	0.9958674481426083
13.308499208123179	0.9968634788887406
13.318499208123178	0.9977101389261315
13.328499208123178	0.9984072591593477
13.338499208123178	0.9989547003028298
13.348499208123178	0.9993523529442714
13.358499208123177	0.999600137589611
13.368499208123177	0.9996980046958223
13.378499208123177	0.9996459346951014
13.388499208123177	0.9994439379998612
13.398499208123177	0.9990920549983633
13.408499208123176	0.9985903560389496
13.418499208123176	0.99793894139858
13.428499208123176	0.9971379412427621
13.438499208123176	0.9961875155694885
13.448499208123176	0.9950878541403992
13.458499208123175	0.9938391764001792
13.468499208123175	0.9924417313840378
13.478499208123175	0.9908957976125687
13.488499208123175	0.9892016829738446
13.498499208123174	0.9873597245931323
13.508499208123174	0.9853702886905633
13.518499208123174	0.983233770426819
13.528499208123174	0.9809505937367994
13.538499208123174	0.978521211151362
13.548499208123173	0.9759461036073119
13.558499208123173	0.973225780245822
13.568499208123173	0.9703607781994182
13.578499208123173	0.967351662367657
13.588499208123173	0.9641990251816479
13.598499208123172	0.9609034863576008
13.608499208123172	0.9574656926395789
13.618499208123172	0.9538863175316377
13.628499208123172	0.950166061021716
13.638499208123172	0.9463056492858098
13.648499208123171	0.9423058343984527
13.658499208123171	0.9381673940191453
13.66849920812317	0.9338911310759918
13.67849920812317	0.9294778734379673
13.68849920812317	0.9249284735757384
13.69849920812317	0.9202438082181322
13.70849920812317	0.9154247780072776
13.71849920812317	0.9104723071230216
13.72849920812317	0.9053873429160082
13.73849920812317	0.9001708561475269
13.74849920812317	0.8948238390381452
13.758499208123169	0.8893473058271547
13.768499208123169	0.8837422926870202
13.778499208123169	0.8780098556821408
13.788499208123168	0.872151074630838
13.798499208123168	0.8661670479066387
13.808499208123168	0.860058893835513
13.818499208123168	0.8538277503989461
13.828499208123167	0.8474747746478979
13.838499208123167	0.8410011422592656
13.848499208123167	0.8344080470871399
13.858499208123167	0.8276967007095196
13.868499208123167	0.8208683319706035
13.878499208123166	0.8139241865189698
13.888499208123166	0.8068655263419282
13.898499208123166	0.7996936292963277
13.908499208123166	0.7924097886361097
13.918499208123166	0.785015312536891
13.928499208123165	0.7775115236178622
13.938499208123165	0.7698997584612869
13.948499208123165	0.7621813671298858
13.958499208123165	0.7543577126823877
13.968499208123164	0.7464301706875286
13.978499208123164	0.7384001287367793
13.988499208123164	0.730268985956077
13.998499208123164	0.7220381525168387
14.008499208123164	0.7137090491465263
14.018499208123163	0.7052831066390379
14.028499208123163	0.6967617653651879
14.038499208123163	0.688146474783544
14.048499208123163	0.6794386929518819
14.058499208123163	0.6706398860395142
14.068499208123162	0.6617515278407491
14.078499208123162	0.6527750992897297
14.088499208123162	0.6437120879768998
14.098499208123162	0.6345639876673399
14.108499208123161	0.6253322978212111
14.118499208123161	0.6160185231165415
14.128499208123161	0.6066241729745842
14.13849920812316	0.5971507610879729
14.14849920812316	0.5875998049518942
14.15849920812316	0.5779728253984922
14.16849920812316	0.5682713461347159
14.17849920812316	0.5584968932838152
14.18849920812316	0.5486509949306837
14.19849920812316	0.5387351806712444
14.20849920812316	0.5287509811660677
14.21849920812316	0.5186999276984041
14.228499208123159	0.5085835517368117
14.238499208123159	0.4984033845025489
14.248499208123159	0.48816095654190167
14.258499208123158	0.4778577973036048
14.268499208123158	0.46749543472151334
14.278499208123158	0.457075394802674
14.288499208123158	0.44659920122094005
14.298499208123157	0.4360683749162679
14.308499208123157	0.42548443369982714
14.318499208123157	0.41484889186505103
14.328499208123157	0.40416325980474693
14.338499208123157	0.39342904363438136
14.348499208123156	0.3826477448216486
14.358499208123156	0.3718208598224249
14.368499208123156	0.3609498797232058
14.378499208123156	0.350036289890117
14.388499208123156	0.3390815696245839
14.398499208123155	0.32808719182574037
14.408499208123155	0.31705462265964834
14.418499208123155	0.3059853212353984
14.428499208123155	0.29488073907107587
14.438499208123154	0.2837423203110602
14.448499208123154	0.2725715011184705
14.458499208123154	0.26136970927625747
14.468499208123154	0.2501383639956706
14.478499208123154	0.2388788756351673
14.488499208123153	0.22759264542612606
14.498499208123153	0.21628106520576826
14.508499208123153	0.2049455171573283
14.518499208123153	0.19358737355748404
14.528499208123153	0.18220799653105688
14.538499208123152	0.1708087378129872
14.548499208123152	0.15939093851758418
14.558499208123152	0.14795592891504641
14.568499208123152	0.13650502821524343
14.578499208123151	0.12503954435874512
14.588499208123151	0.1135607745386786
14.598499208123151	0.10207000269870843
14.60849920812315	0.09056850186280406
14.61849920812315	0.07905753302690437
14.62849920812315	0.06753834490236747
14.63849920812315	0.05601217347799105
14.64849920812315	0.04448024272866661
14.65849920812315	0.03294376394906148
14.66849920812315	0.021403935436429853
14.67849920812315	0.00986194333633561
14.68849920812315	-0.0016810410979416848
14.698499208123149	-0.013223858770280957
14.708499208123149	-0.02476536392112776
14.718499208123148	-0.03630442433106478
14.728499208123148	-0.04783992171712132
14.738499208123148	-0.0593707508840369
14.748499208123148	-0.0708958203800543
14.758499208123148	-0.08241405277062215
14.768499208123147	-0.0939243836590902
14.778499208123147	-0.10542576455961747
14.788499208123147	-0.11691715988503956
14.798499208123147	-0.12839754815585522
14.808499208123147	-0.13986592215250218
14.818499208123146	-0.15132128926501415
14.828499208123146	-0.16276267054629265
14.838499208123146	-0.17418910134138202
14.848499208123146	-0.1855996315165759
14.858499208123146	-0.1969933243914409
14.868499208123145	-0.20836925964937406
14.878499208123145	-0.21972653016775173
14.888499208123145	-0.23106424322061658
14.898499208123145	-0.24238152058334309
14.908499208123144	-0.2536774988335574
14.918499208123144	-0.2649513283458228
14.928499208123144	-0.27620217388221524
14.938499208123144	-0.28742921477784317
14.948499208123144	-0.2986316438255162
14.958499208123143	-0.3098086701432942
14.968499208123143	-0.3209595159532661
14.978499208123143	-0.3320834177482203
14.988499208123143	-0.3431796263537694
14.998499208123143	-0.35424740718082065
15.008499208123142	-0.36528603919702984
15.018499208123142	-0.3762948154700747
15.028499208123142	-0.3872730433122
15.038499208123142	-0.398220043153987
15.048499208123141	-0.40913515130316536
15.058499208123141	-0.42001771676298355
15.068499208123141	-0.43086710233941905
15.07849920812314	-0.4416826846666503
15.08849920812314	-0.4524638544131883
15.09849920812314	-0.46321001526052774
15.10849920812314	-0.4739205843937209
15.11849920812314	-0.4845949926086645
15.12849920812314	-0.49523268320581426
15.13849920812314	-0.5058331145894116
15.14849920812314	-0.5163957571998853
15.15849920812314	-0.5269200945441963
15.168499208123139	-0.5374056231908757
15.178499208123139	-0.5478518529332255
15.188499208123138	-0.5582583058002385
15.198499208123138	-0.568624516491823
15.208499208123138	-0.5789500324532096
15.218499208123138	-0.5892344128135492
15.228499208123138	-0.5994772307887826
15.238499208123137	-0.6096780707859628
15.248499208123137	-0.6198365293448787
15.258499208123137	-0.6299522151088128
15.268499208123137	-0.6400247486229966
15.278499208123137	-0.650053762218566
15.288499208123136	-0.6600388998950082
15.298499208123136	-0.6699798172013337
15.308499208123136	-0.6798761811160186
15.318499208123136	-0.6897276699257935
15.328499208123135	-0.699533973103357
15.338499208123135	-0.7092947911840858
15.348499208123135	-0.7190098356418155
15.358499208123135	-0.728678828763762
15.368499208123135	-0.7383015035246536
15.378499208123134	-0.7478776034601446
15.388499208123134	-0.7574068825395746
15.398499208123134	-0.7668891050381402
15.408499208123134	-0.7763240454085457
15.418499208123134	-0.7857114881521918
15.428499208123133	-0.7950512276899678
15.438499208123133	-0.8043430682327056
15.448499208123133	-0.8135868236513543
15.458499208123133	-0.8227823173469334
15.468499208123133	-0.8319293821203215
15.478499208123132	-0.8410278600419334
15.488499208123132	-0.8500776023213402
15.498499208123132	-0.8590784691768846
15.508499208123132	-0.868030329705341
15.518499208123131	-0.876933061751671
15.528499208123131	-0.8857865517789211
15.538499208123131	-0.8945906947383099
15.54849920812313	-0.9033453939395499
15.55849920812313	-0.9120505609214484
15.56849920812313	-0.920706115322829
15.57849920812313	-0.929311984753816
15.58849920812313	-0.937868104667523
15.59849920812313	-0.9463744182321815
15.60849920812313	-0.9548308762037501
15.61849920812313	-0.9632374367990396
15.628499208123129	-0.9715940655693885
15.638499208123129	-0.9799007352749245
15.648499208123129	-0.9881574257594428
15.658499208123128	-0.9963641238259346
15.668499208123128	-1.004520823112796
15.678499208123128	-1.012627523970745
15.688499208123128	-1.020684233340477
15.698499208123128	-1.028690964631085
15.708499208123127	-1.0366477375992686
15.718499208123127	-1.0445545782293626
15.728499208123127	-1.0524115186142002
15.738499208123127	-1.0602185968368423
15.748499208123127	-1.0679758568531885
15.758499208123126	-1.0756833483754955
15.768499208123126	-1.0833411267568185
15.778499208123126	-1.0909492528763962
15.788499208123126	-1.0985077930259997
15.798499208123125	-1.106016818797257
15.808499208123125	-1.1134764069699759
15.818499208123125	-1.120886639401473
15.828499208123125	-1.1282476029169308
15.838499208123125	-1.1355593892007902
15.848499208123124	-1.142822094689195
15.858499208123124	-1.1500358204634964
15.868499208123124	-1.1572006721482468
15.878499208123124	-1.1643167597971094
15.888499208123124	-1.1713841977972395
15.898499208123123	-1.1784031047684917
15.908499208123123	-1.1853736034588802
15.918499208123123	-1.192295820645427
15.928499208123123	-1.1991698870354826
15.938499208123122	-1.2059959371690658
15.948499208123122	-1.2127741093223396
15.958499208123122	-1.2195045454122235
15.968499208123122	-1.2261873909021528
15.978499208123122	-1.2328227947089823
15.988499208123121	-1.2394109091110428
15.998499208123121	-1.2459518896573476
16.008499208123123	-1.2524458950779542
16.018499208123124	-1.2588930871954813
16.028499208123126	-1.2652936308377807
16.038499208123127	-1.2716476937517658
16.04849920812313	-1.2779554465183962
16.05849920812313	-1.2842170624688158
16.068499208123132	-1.2904327176016461
16.078499208123134	-1.2966025905014291
16.088499208123135	-1.3027268622582218
16.098499208123137	-1.3088057163883366
16.10849920812314	-1.3148393387562263
16.11849920812314	-1.3208279174975084
16.12849920812314	-1.3267716429431287
16.138499208123143	-1.332670707544655
16.148499208123145	-1.3385253058007012
16.158499208123146	-1.3443356341844728
16.168499208123148	-1.3501018910724334
16.17849920812315	-1.3558242766740816
16.18849920812315	-1.3615029929628364
16.198499208123152	-1.367138243608024
16.208499208123154	-1.3727302339079583
16.218499208123156	-1.3782791707241113
16.228499208123157	-1.3837852624163638
16.23849920812316	-1.3892487187793303
16.24849920812316	-1.3946697509797537
16.258499208123162	-1.4000485714949555
16.268499208123163	-1.4053853940523429
16.278499208123165	-1.4106804335699554
16.288499208123167	-1.4159339060980516
16.298499208123168	-1.4211460287617201
16.30849920812317	-1.4263170197045132
16.31849920812317	-1.4314470980330884
16.328499208123173	-1.436536483762855
16.338499208123174	-1.4415853977646107
16.348499208123176	-1.4465940617121655
16.358499208123177	-1.4515626980309384
16.36849920812318	-1.4564915298475207
16.37849920812318	-1.4613807809401966
16.388499208123182	-1.4662306756904098
16.398499208123184	-1.4710414390351683
16.408499208123185	-1.4758132964203763
16.418499208123187	-1.4805464737550853
16.42849920812319	-1.485241197366653
16.43849920812319	-1.489897693956801
16.44849920812319	-1.4945161905585604
16.458499208123193	-1.4990969144940989
16.468499208123195	-1.5036400933334122
16.478499208123196	-1.5081459548538783
16.488499208123198	-1.5126147270006587
16.4984992081232	-1.5170466378479375
16.5084992081232	-1.5214419155609904
16.518499208123202	-1.525800788359072
16.528499208123204	-1.5301234844791105
16.538499208123206	-1.5344102321402004
16.548499208123207	-1.5386612595088844
16.55849920812321	-1.5428767946652122
16.56849920812321	-1.547057065569567
16.578499208123212	-1.5512023000302502
16.588499208123213	-1.555312725671813
16.598499208123215	-1.559388569904125
16.608499208123217	-1.5634300598921715
16.618499208123218	-1.5674374225265668
16.62849920812322	-1.5714108843947758
16.63849920812322	-1.5753506717530317
16.648499208123223	-1.579257010498942
16.658499208123224	-1.583130126144773
16.668499208123226	-1.5869702437913986
16.678499208123228	-1.5907775881029111
16.68849920812323	-1.5945523832818773
16.69849920812323	-1.598294853045234
16.708499208123232	-1.6020052206008126
16.718499208123234	-1.6056837086244817
16.728499208123235	-1.6093305392379005
16.738499208123237	-1.6129459339868721
16.74849920812324	-1.6165301138202877
16.75849920812324	-1.6200832990696517
16.76849920812324	-1.6236057094291791
16.778499208123243	-1.6270975639364575
16.788499208123245	-1.6305590809536596
16.798499208123246	-1.6339904781493044
16.808499208123248	-1.6373919724805508
16.81849920812325	-1.6407637801760204
16.82849920812325	-1.6441061167191378
16.838499208123253	-1.6474191968319793
16.848499208123254	-1.6507032344596235
16.858499208123256	-1.6539584427549932
16.868499208123257	-1.6571850340641807
16.87849920812326	-1.6603832199122492
16.88849920812326	-1.6635532109895
16.898499208123262	-1.6666952171381977
16.908499208123263	-1.6698094473397482
16.918499208123265	-1.6728961097023152
16.928499208123267	-1.6759554114488737
16.938499208123268	-1.67898755890569
16.94849920812327	-1.6819927574912168
16.95849920812327	-1.684971211705403
16.968499208123273	-1.687923125119404
16.978499208123274	-1.6908487003656882
16.988499208123276	-1.6937481391285312
16.998499208123278	-1.6966216421348914
17.00849920812328	-1.6994694091456573
17.01849920812328	-1.702291638947262
17.028499208123282	-1.7050885293436562
17.038499208123284	-1.7078602771486329
17.048499208123285	-1.7106070781784972
17.058499208123287	-1.7133291272450737
17.06849920812329	-1.7160266181490456
17.07849920812329	-1.7186997436736169
17.08849920812329	-1.7213486955784956
17.098499208123293	-1.723973664594184
17.108499208123295	-1.7265748404165777
17.118499208123296	-1.7291524117018606
17.128499208123298	-1.7317065660616942
17.1384992081233	-1.7342374900586905
17.1484992081233	-1.7367453692021688
17.158499208123303	-1.739230387944182
17.168499208123304	-1.741692729675814
17.178499208123306	-1.7441325767237397
17.188499208123307	-1.7465501103470389
17.19849920812331	-1.7489455107342633
17.20849920812331	-1.7513189570007488
17.218499208123312	-1.7536706271861657
17.228499208123313	-1.7560006982523055
17.238499208123315	-1.7583093460810948
17.248499208123317	-1.7605967454728353
17.258499208123318	-1.7628630701446597
17.26849920812332	-1.765108492729203
17.27849920812332	-1.7673331847734814
17.288499208123323	-1.769537316737976
17.298499208123324	-1.7717210579959124
17.308499208123326	-1.7738845768327383
17.318499208123328	-1.776028040445786
17.32849920812333	-1.7781516149441232
17.33849920812333	-1.7802554653485811
17.348499208123332	-1.7823397555919593
17.358499208123334	-1.7844046485194018
17.368499208123335	-1.7864503058889394
17.378499208123337	-1.7884768883721947
17.38849920812334	-1.7904845555552455
17.39849920812334	-1.7924734659396435
17.40849920812334	-1.7944437769435801
17.418499208123343	-1.7963956449032021
17.428499208123345	-1.7983292250740675
17.438499208123346	-1.8002446716327394
17.448499208123348	-1.8021421376785165
17.45849920812335	-1.8040217752352927
17.46849920812335	-1.8058837352535446
17.478499208123353	-1.8077281676124428
17.488499208123354	-1.8095552211220836
17.498499208123356	-1.8113650435258366
17.508499208123357	-1.8131577815028064
17.51849920812336	-1.8149335806704046
17.52849920812336	-1.8166925855870273
17.538499208123362	-1.8184349397548372
17.548499208123364	-1.8201607856226456
17.558499208123365	-1.8218702645888916
17.568499208123367	-1.8235635170047162
17.578499208123368	-1.8252406821771268
17.58849920812337	-1.8269018983722505
17.59849920812337	-1.8285473028186732
17.608499208123373	-1.8301770317108605
17.618499208123374	-1.8317912202126592
17.628499208123376	-1.8333900024608758
17.638499208123378	-1.8349735115689298
17.64849920812338	-1.8365418796305786
17.65849920812338	-1.8380952377237114
17.668499208123382	-1.8396337159142413
17.678499208123384	-1.84115744326001
17.688499208123385	-1.8426665478146684
17.698499208123387	-1.8441611566318743
17.70849920812339	-1.8456413957693525
17.71849920812339	-1.8471073902930477
17.72849920812339	-1.8485592642813375
17.738499208123393	-1.8499971408292968
17.748499208123395	-1.8514211420530096
17.758499208123396	-1.8528313890939285
17.768499208123398	-1.8542280021232789
17.7784992081234	-1.8556111003465035
17.7884992081234	-1.8569808020077507
17.798499208123403	-1.8583372243943992
17.808499208123404	-1.8596804838416208
17.818499208123406	-1.8610106957369772
17.828499208123407	-1.8623279745250503
17.83849920812341	-1.8636324337121049
17.84849920812341	-1.86492418587078
17.858499208123412	-1.866203342644808
17.868499208123414	-1.8674700147282786
17.878499208123415	-1.8687243119343646
17.888499208123417	-1.8699663431615567
17.898499208123418	-1.8711962163856526
17.90849920812342	-1.8724140386775177
17.91849920812342	-1.8736199162079317
17.928499208123423	-1.8748139542524587
17.938499208123424	-1.8759962571963364
17.948499208123426	-1.8771669285393795
17.958499208123428	-1.8783260709008942
17.96849920812343	-1.8794737860246085
17.97849920812343	-1.880610174783609
17.988499208123432	-1.8817353371852912
17.998499208123434	-1.8828493723763147
18.008499208123435	-1.8839523786475671
18.018499208123437	-1.8850444534391342
18.02849920812344	-1.8861256933452735
18.03849920812344	-1.887196194119392
18.04849920812344	-1.888256050679028
18.058499208123443	-1.8893053571108323
18.068499208123445	-1.8903442066755507
18.078499208123446	-1.891372691813007
18.088499208123448	-1.8923909041470832
18.09849920812345	-1.8933989344906985
18.10849920812345	-1.8943968728507838
18.118499208123453	-1.8953848084332536
18.128499208123454	-1.896362829647971
18.138499208123456	-1.8973310241137085
18.148499208123457	-1.8982894786631004
18.15849920812346	-1.8992382793475895
18.16849920812346	-1.9001775114423642
18.178499208123462	-1.9011072594512868
18.188499208123464	-1.9020276071118118
18.198499208123465	-1.902938637399894
18.208499208123467	-1.9038404325348854
18.21849920812347	-1.9047330739844197
18.22849920812347	-1.9056166424692846
18.23849920812347	-1.9064912179682805
18.248499208123473	-1.9073568797230656
18.258499208123474	-1.908213706242986
18.268499208123476	-1.9090617753098922
18.278499208123478	-1.909901163982937
18.28849920812348	-1.9107319486033612
18.29849920812348	-1.9115542047992582
18.308499208123482	-1.9123680074903249
18.318499208123484	-1.9131734308925927
18.328499208123485	-1.9139705485231413
18.338499208123487	-1.9147594332047926
18.34849920812349	-1.9155401570707864
18.35849920812349	-1.9163127915694358
18.36849920812349	-1.9170774074687629
18.378499208123493	-1.9178340748611138
18.388499208123495	-1.918582863167752
18.398499208123496	-1.9193238411434312
18.408499208123498	-1.9200570768809466
18.4184992081235	-1.920782637815663
18.4284992081235	-1.9215005907300213
18.438499208123503	-1.922211001758022
18.448499208123504	-1.9229139363896852
18.458499208123506	-1.9236094594754876
18.468499208123507	-1.9242976352307752
18.47849920812351	-1.9249785272401532
18.48849920812351	-1.9256521984618489
18.498499208123512	-1.9263187112320532
18.508499208123514	-1.9269781272692343
18.518499208123515	-1.9276305076784286
18.528499208123517	-1.9282759129555038
18.53849920812352	-1.9289144029913992
18.54849920812352	-1.9295460370763367
18.55849920812352	-1.9301708739040089
18.568499208123523	-1.9307889715757387
18.578499208123525	-1.9314003876046137
18.588499208123526	-1.9320051789195927
18.598499208123528	-1.9326034018695863
18.60849920812353	-1.9331951122275102
18.61849920812353	-1.9337803651943104
18.628499208123532	-1.9343592154029625
18.638499208123534	-1.9349317169224423
18.648499208123535	-1.9354979232616685
18.658499208123537	-1.9360578873734187
18.66849920812354	-1.9366116616582163
18.67849920812354	-1.9371592979681906
18.68849920812354	-1.9377008476109068
18.698499208123543	-1.9382363613531688
18.708499208123545	-1.9387658894247946
18.718499208123546	-1.9392894815223602
18.728499208123548	-1.9398071868129185
18.73849920812355	-1.9403190539376862
18.74849920812355	-1.940825131015704
18.758499208123553	-1.9413254656474677
18.768499208123554	-1.9418201049185282
18.778499208123556	-1.9423090954030664
18.788499208123557	-1.9427924831674352
18.79849920812356	-1.9432703137736747
18.80849920812356	-1.9437426322829965
18.818499208123562	-1.9442094832592414
18.828499208123564	-1.9446709107723041
18.838499208123565	-1.945126958401532
18.848499208123567	-1.945577669239093
18.85849920812357	-1.9460230858933132
18.86849920812357	-1.9464632504919879
18.87849920812357	-1.9468982046856598
18.888499208123573	-1.94732798965087
18.898499208123575	-1.9477526460933792
18.908499208123576	-1.9481722142513584
18.918499208123578	-1.9485867338985512
18.92849920812358	-1.9489962443474063
18.93849920812358	-1.94940078445218
18.948499208123582	-1.9498003926120102
18.958499208123584	-1.95019510677396
18.968499208123585	-1.9505849644360325
18.978499208123587	-1.950970002650155
18.98849920812359	-1.9513502580251356
18.99849920812359	-1.9517257667295884
19.00849920812359	-1.9520965644948305
19.018499208123593	-1.952462686617749
19.028499208123595	-1.9528241679636396
19.038499208123596	-1.953181042969014
19.048499208123598	-1.95353334564438
19.0584992081236	-1.953881109576991
19.0684992081236	-1.9542243679335665
19.078499208123603	-1.954563153462983
19.088499208123604	-1.9548974984989376
19.098499208123606	-1.955227434962579
19.108499208123607	-1.9555529943651127
19.11849920812361	-1.9558742078103752
19.12849920812361	-1.9561911059973796
19.138499208123612	-1.9565037192228325
19.148499208123614	-1.9568120773836213
19.158499208123615	-1.9571162099792727
19.168499208123617	-1.9574161461143837
19.17849920812362	-1.957711914501021
19.18849920812362	-1.958003543461095
19.19849920812362	-1.9582910609287008
19.208499208123623	-1.9585744944524355
19.218499208123625	-1.9588538711976826
19.228499208123626	-1.9591292179488704
19.238499208123628	-1.9594005611117005
19.24849920812363	-1.9596679267153485
19.25849920812363	-1.9599313404146357
19.268499208123632	-1.9601908274921733
19.278499208123634	-1.9604464128604777
19.288499208123635	-1.9606981210640566
19.298499208123637	-1.9609459762814687
19.30849920812364	-1.9611900023273547
19.31849920812364	-1.9614302226544387
19.32849920812364	-1.9616666603555035
19.338499208123643	-1.9618993381653371
19.348499208123645	-1.9621282784626508
19.358499208123646	-1.9623535032719703
19.368499208123648	-1.9625750342654986
19.37849920812365	-1.96279289276495
19.38849920812365	-1.9630070997433595
19.398499208123653	-1.96321767582686
19.408499208123654	-1.963424641296437
19.418499208123656	-1.9636280160896507
19.428499208123657	-1.9638278198023351
19.43849920812366	-1.9640240716902664
19.44849920812366	-1.9642167906708055
19.458499208123662	-1.9644059953245128
19.468499208123664	-1.9645917038967367
19.478499208123665	-1.964773934299173
19.488499208123667	-1.964952704111399
19.49849920812367	-1.965128030582379
19.50849920812367	-1.965299930631944
19.51849920812367	-1.9654684208522437
19.528499208123673	-1.9656335175091715
19.538499208123675	-1.9657952365437632
19.548499208123676	-1.9659535935735681
19.558499208123678	-1.9661086038939946
19.56849920812368	-1.966260282479627
19.57849920812368	-1.966408643985517
19.588499208123682	-1.9665537027484497
19.598499208123684	-1.9666954727881798
19.608499208123686	-1.9668339678086448
19.618499208123687	-1.9669692011991489
19.62849920812369	-1.967101186035522
19.63849920812369	-1.9672299350812528
19.64849920812369	-1.9673554607885928
19.658499208123693	-1.967477775299638
19.668499208123695	-1.9675968904473806
19.678499208123696	-1.9677128177567371
19.688499208123698	-1.9678255684455492
19.6984992081237	-1.9679351534255578
19.7084992081237	-1.9680415833033527
19.718499208123703	-1.9681448683812948
19.728499208123704	-1.9682450186584128
19.738499208123706	-1.9683420438312744
19.748499208123707	-1.9684359532948303
19.75849920812371	-1.9685267561432336
19.76849920812371	-1.9686144611706327
19.778499208123712	-1.9686990768719381
19.788499208123714	-1.9687806114435649
19.798499208123715	-1.9688590727841468
19.808499208123717	-1.968934468495228
19.81849920812372	-1.969006805881925
19.82849920812372	-1.9690760919535675
19.83849920812372	-1.9691423334243097
19.848499208123723	-1.9692055367137182
19.858499208123725	-1.969265707947334
19.868499208123726	-1.9693228534187663
19.878499208123728	-1.9693769781567163
19.88849920812373	-1.969428087407922
19.89849920812373	-1.9694761855290364
19.908499208123732	-1.9695212780524087
19.918499208123734	-1.9695633691260246
19.928499208123736	-1.9696024628317654
19.938499208123737	-1.9696385632518354
19.94849920812374	-1.9696716735465778
19.95849920812374	-1.969701796926649
19.968499208123742	-1.969728935969139
19.978499208123743	-1.969753093835889
19.988499208123745	-1.9697742727307488
19.998499208123746	-1.969792474671334
20.0	-1.9697949496114413