t	x
0.0 	 2.004308461669872
0.09999999999999999 	 2.0106142811628405
0.20000000000000004 	 2.017317041395583
0.3000000000000001 	 2.0238784037359268
0.4000000000000002 	 2.03023058673885
0.5000000000000002 	 2.0363071980679077
0.6000000000000003 	 2.0420439704942797
0.7000000000000004 	 2.047379493342449
0.8000000000000005 	 2.0522559293894833
0.9000000000000006 	 2.0566197065832634
1.0000000000000007 	 2.0604221730646044
1.1000000000000008 	 2.06362020559628
1.2000000000000008 	 2.0661767607494275
1.300000000000001 	 2.068061358780616
1.400000000000001 	 2.0692504907763
1.500000000000001 	 2.0697279442128496
1.6000000000000012 	 2.0695357299045285
1.7000000000000013 	 2.068635219010739
1.8000000000000014 	 2.067019142586755
1.9000000000000015 	 2.064701195717142
2.0000000000000013 	 2.06170260222177
2.099999999999999 	 2.058051878011279
2.199999999999997 	 2.0537845043645344
2.299999999999995 	 2.0489425171045257
2.399999999999993 	 2.0435740190621803
2.4999999999999907 	 2.03773262437535
2.5999999999999885 	 2.0314768444273303
2.6999999999999864 	 2.0248694250187524
2.7999999999999843 	 2.017976645963779
2.899999999999982 	 2.0108675934471796
2.99999999999998 	 2.0036134156600904
3.099999999999978 	 1.9962865719410599
3.1999999999999758 	 1.9889600846586704
3.2999999999999736 	 1.9817068027441884
3.3999999999999715 	 1.9745986845142913
3.4999999999999694 	 1.9677061065911092
3.5999999999999672 	 1.9610972046480912
3.699999999999965 	 1.954837250664106
3.799999999999963 	 1.948988070365064
3.899999999999961 	 1.9436075035966325
3.9999999999999587 	 1.938748909533543
4.099999999999957 	 1.9344607179118976
4.199999999999955 	 1.9307860268856867
4.299999999999953 	 1.927762247665752
4.399999999999951 	 1.9254207958008458
4.4999999999999485 	 1.9237868288016553
4.599999999999946 	 1.9228790297809204
4.699999999999944 	 1.9227094368713997
4.799999999999942 	 1.9232833183670845
4.89999999999994 	 1.9245990937958442
4.999999999999938 	 1.9266483014393214
5.099999999999936 	 1.9294156131476814
5.199999999999934 	 1.932878897621896
5.299999999999931 	 1.937009333624228
5.399999999999929 	 1.9417715748005826
5.499999999999927 	 1.9471239679282397
5.599999999999925 	 1.9530188264135218
5.699999999999923 	 1.9594027607340434
5.799999999999921 	 1.9662170672298869
5.899999999999919 	 1.9733981761833157
5.9999999999999165 	 1.9808781594953127
6.099999999999914 	 1.9885852974301044
6.199999999999912 	 1.9964447029402488
6.29999999999991 	 2.0043790007912157
6.399999999999908 	 2.0123090578354073
6.499999999999906 	 2.020154758811299
6.599999999999904 	 2.0278358210729084
6.699999999999902 	 2.03527264007868
6.7999999999998995 	 2.0423871562404208
6.899999999999897 	 2.0491037320034953
6.999999999999895 	 2.0553500273048475
7.099999999999893 	 2.061057860872411
7.199999999999891 	 2.06616404353933
7.299999999999889 	 2.0706111700033203
7.399999999999887 	 2.0743483552970834
7.4999999999998845 	 2.0773319027020567
7.599999999999882 	 2.0795258906502783
7.69999999999988 	 2.0809026673485422
7.799999999999878 	 2.081443243399789
7.899999999999876 	 2.081137574548658
7.999999999999874 	 2.0799847287864344
8.099999999999872 	 2.0779929343502133
8.19999999999987 	 2.0751795075603323
8.299999999999867 	 2.0715706618869802
8.399999999999865 	 2.067201202031789
8.499999999999863 	 2.062114109063701
8.599999999999861 	 2.056360024720258
8.699999999999859 	 2.0499966447456455
8.799999999999857 	 2.04308803256823
8.899999999999855 	 2.035703866069369
8.999999999999853 	 2.0279186299286223
9.09999999999985 	 2.019810767899141
9.199999999999848 	 2.0114618077558735
9.299999999999846 	 2.0029554726133063
9.399999999999844 	 1.9943767905122487
9.499999999999842 	 1.9858112139436712
9.59999999999984 	 1.9773437596043206
9.699999999999838 	 1.969058177225015
9.799999999999836 	 1.9610361551034363
9.899999999999833 	 1.953356568460384
9.999999999999831 	 1.946094775353469
10.09999999999983 	 1.9393219635597847
10.199999999999827 	 1.9331045506348286
10.299999999999825 	 1.9275036383033597
10.399999999999823 	 1.9225745214641952
10.49999999999982 	 1.918366251411748
10.599999999999818 	 1.914921252399623
10.699999999999816 	 1.9122749903955307
10.799999999999814 	 1.910455692793655
10.899999999999812 	 1.909484117945125
10.99999999999981 	 1.9093733736180691
11.099999999999808 	 1.9101287838799623
11.199999999999806 	 1.9117478043733924
11.299999999999804 	 1.9142199865036464
11.399999999999801 	 1.9175269916264532
11.4999999999998 	 1.9216426568884275
11.599999999999797 	 1.926533114885018
11.699999999999795 	 1.9321569697254413
11.799999999999793 	 1.9384655323928133
11.89999999999979 	 1.9454031184255958
11.999999999999789 	 1.9529074108923052
12.099999999999786 	 1.9609098913598206
12.199999999999784 	 1.9693363410425786
12.299999999999782 	 1.9781074135641914
12.39999999999978 	 1.9871392797542495
12.499999999999778 	 1.9963443436647996
12.599999999999776 	 2.005632027343531
12.699999999999774 	 2.0149096207285484
12.799999999999772 	 2.024083190493976
12.89999999999977 	 2.033058540255834
12.999999999999767 	 2.041742212510504
13.099999999999765 	 2.0500425208708237
13.199999999999763 	 2.0578705991232535
13.299999999999761 	 2.0651414519673974
13.399999999999759 	 2.071774991995225
13.499999999999757 	 2.0776970451941508
13.599999999999755 	 2.0828403077160247
13.699999999999752 	 2.0871452363106093
13.79999999999975 	 2.0905608553882993
13.899999999999748 	 2.0930454647086463
13.999999999999746 	 2.094567233239405
14.099999999999744 	 2.095104666759273
14.199999999999742 	 2.094646939229706
14.29999999999974 	 2.0931940807597558
14.399999999999737 	 2.090757018040502
14.499999999999735 	 2.0873574663155985
14.599999999999733 	 2.0830276751865524
14.699999999999731 	 2.077810033685693
14.799999999999729 	 2.071756542985191
14.899999999999727 	 2.0649281677574263
14.999999999999725 	 2.057394079356879
15.099999999999723 	 2.049230806306402
15.19999999999972 	 2.0405213075289717
15.299999999999718 	 2.0313539863992442
15.399999999999716 	 2.0218216623139638
15.499999999999714 	 2.012020517342156
15.599999999999712 	 2.0020490339125
15.69999999999971 	 1.9920069388898765
15.799999999999708 	 1.9819941680864877
15.899999999999705 	 1.9721098630059577
15.999999999999703 	 1.962451410215164
16.099999999999717 	 1.9531135316222967
16.199999999999733 	 1.9441874320248147
16.29999999999975 	 1.9357600084245135
16.399999999999764 	 1.9279131238758878
16.49999999999978 	 1.9207229470924583
16.599999999999795 	 1.9142593577248117
16.69999999999981 	 1.908585416172707
16.799999999999827 	 1.9037568960181668
16.899999999999842 	 1.8998218766727026
16.999999999999858 	 1.8968203936138972
17.099999999999874 	 1.8947841436300206
17.19999999999989 	 1.8937362427725406
17.299999999999905 	 1.8936910352050358
17.39999999999992 	 1.894653951797654
17.499999999999936 	 1.8966214181035397
17.59999999999995 	 1.8995808122311117
17.699999999999967 	 1.903510474032341
17.799999999999983 	 1.908379767925141
17.9 	 1.9141492024974094
18.000000000000014 	 1.9207706107537723
18.10000000000003 	 1.928187395412692
18.200000000000045 	 1.936334843994008
18.30000000000006 	 1.945140518511969
18.400000000000077 	 1.9545247243690818
18.500000000000092 	 1.964401062505492
18.600000000000108 	 1.9746770679570584
18.700000000000124 	 1.9852549367708174
18.80000000000014 	 1.9960323416036143
18.900000000000155 	 2.006903334473569
19.00000000000017 	 2.017759332793837
19.100000000000186 	 2.0284901828526203
19.200000000000202 	 2.0389852915691167
19.300000000000217 	 2.049134815416538
19.400000000000233 	 2.0588308925879426
19.50000000000025 	 2.067968901996482
19.600000000000264 	 2.076448729916071
19.70000000000028 	 2.084176024724611
19.800000000000296 	 2.0910634173266653
19.90000000000031 	 2.097031684866954
20.000000000000327 	 2.102010835072891
20.100000000000342 	 2.105941089133736
20.200000000000358 	 2.108773742344807
20.300000000000374 	 2.1104718837661025
20.40000000000039 	 2.1110109588286274
20.500000000000405 	 2.110379162089316
20.60000000000042 	 2.108577651076417
20.700000000000436 	 2.1056205762509874
20.800000000000452 	 2.101534926368986
20.900000000000468 	 2.0963601928307543
21.000000000000483 	 2.0901478607412307
21.1000000000005 	 2.082960738268693
21.200000000000514 	 2.0748721392643303
21.30000000000053 	 2.0659649369511937
21.400000000000546 	 2.0563305091806807
21.50000000000056 	 2.046067595745175
21.600000000000577 	 2.0352810909893972
21.700000000000593 	 2.0240807941654846
21.80000000000061 	 2.012580138583594
21.900000000000624 	 2.000894920649775
22.00000000000064 	 1.9891420472458534
22.100000000000655 	 1.9774383184827853
22.20000000000067 	 1.965899259699423
22.300000000000686 	 1.9546380144732198
22.400000000000702 	 1.9437643075375544
22.500000000000718 	 1.9333834839090567
22.600000000000733 	 1.9235956280486481
22.70000000000075 	 1.9144947646264798
22.800000000000765 	 1.9061681404988
22.90000000000078 	 1.8986955858820516
23.000000000000796 	 1.8921489514571996
23.10000000000081 	 1.8865916172708173
23.200000000000827 	 1.8820780688183918
23.300000000000843 	 1.878653535587121
23.40000000000086 	 1.876353687575197
23.500000000000874 	 1.8752043858580703
23.60000000000089 	 1.8752214840971233
23.700000000000905 	 1.8764106789333383
23.80000000000092 	 1.8787674084238442
23.900000000000936 	 1.8822767990035356
24.000000000000952 	 1.88691366282572
24.100000000000968 	 1.8926425486901532
24.200000000000983 	 1.899417851037912
24.300000000001 	 1.9071839826137467
24.400000000001015 	 1.9158756173018918
24.50000000000103 	 1.9254180102672431
24.600000000001046 	 1.9357274028205964
24.70000000000106 	 1.946711519321559
24.800000000001077 	 1.9582701628914998
24.900000000001093 	 1.970295915699612
25.00000000000111 	 1.9826749480909316
25.100000000001124 	 1.995287938847247
25.20000000000114 	 2.0080111064322863
25.300000000001155 	 2.0207173482165617
25.40000000000117 	 2.033277481474825
25.500000000001187 	 2.0455615764934305
25.600000000001202 	 2.0574403685347513
25.700000000001218 	 2.068786731817746
25.800000000001234 	 2.079477195241877
25.90000000000125 	 2.089393476468153
26.000000000001265 	 2.0984240083402446
26.10000000000128 	 2.1064654296367955
26.200000000001296 	 2.113424010932486
26.30000000000131 	 2.1192169860223284
26.400000000001327 	 2.123773760008902
26.500000000001343 	 2.1270369667990416
26.60000000000136 	 2.1289633513933515
26.700000000001374 	 2.129524455893463
26.80000000000139 	 2.1287856383120065
26.900000000001405 	 2.126665338156411
27.00000000000142 	 2.123185423769692
27.100000000001437 	 2.1183782760985914
27.200000000001452 	 2.112291188896436
27.300000000001468 	 2.104985725731367
27.400000000001484 	 2.09653687710281
27.5000000000015 	 2.087032037739657
27.600000000001515 	 2.076569828743947
27.70000000000153 	 2.0652587894003984
27.800000000001546 	 2.0532159696215366
27.90000000000156 	 2.040565450402565
28.000000000001577 	 2.027436822180448
28.100000000001593 	 2.0139636484386756
28.20000000000161 	 2.0002819414184447
28.300000000001624 	 1.9865286725771496
28.40000000000164 	 1.9728403383733877
28.500000000001656 	 1.9593515981937253
28.60000000000167 	 1.9461939975906744
28.700000000001687 	 1.9334947863503384
28.800000000001702 	 1.9213758373655807
28.900000000001718 	 1.9099526689968112
29.000000000001734 	 1.899333570661283
29.10000000000175 	 1.8896188288826237
29.200000000001765 	 1.8809000490105001
29.30000000000178 	 1.8732595663177491
29.400000000001796 	 1.8667699392096078
29.500000000001812 	 1.8614935168284943
29.600000000001828 	 1.857482073383623
29.700000000001843 	 1.8547765020396636
29.80000000000186 	 1.8534065621139388
29.900000000001874 	 1.8533906745999675
30.00000000000189 	 1.8547357625920948
30.100000000001906 	 1.8574371349628755
30.20000000000192 	 1.8614784135665086
30.300000000001937 	 1.8668315062317358
30.400000000001953 	 1.873456629785287
30.500000000001968 	 1.8813023892288416
30.600000000001984 	 1.890305920894132
30.700000000002 	 1.900393108836581
30.800000000002015 	 1.9114788848130588
30.90000000000203 	 1.9234676228422345
31.000000000002046 	 1.9362536394906682
31.100000000002062 	 1.9497218105974394
31.200000000002078 	 1.9637483142178984
31.300000000002093 	 1.9782014303516429
31.40000000000211 	 1.9929427396589021
31.500000000002125 	 2.0078281911604012
31.60000000000214 	 2.0227093477077207
31.700000000002156 	 2.037434962329899
31.80000000000217 	 2.0518522561615677
31.900000000002187 	 2.0658088178342284
32.0000000000022 	 2.079154341613047
32.10000000000218 	 2.0917424297880123
32.20000000000216 	 2.103432457051179
32.30000000000214 	 2.1140914385951373
32.40000000000212 	 2.123595866656536
32.5000000000021 	 2.131833476560603
32.60000000000208 	 2.138704903898703
32.70000000000206 	 2.144125194484034
32.80000000000204 	 2.1480251307703306
32.900000000002024 	 2.1503523417559816
33.000000000002004 	 2.1510721680512415
33.100000000001984 	 2.150168259604142
33.200000000001964 	 2.1476428903433957
33.300000000001944 	 2.1435169814305066
33.400000000001924 	 2.1378298325982033
33.500000000001904 	 2.1306385688607365
33.600000000001884 	 2.12201731738431
33.700000000001864 	 2.1120561361414203
33.800000000001845 	 2.100859721766236
33.900000000001825 	 2.088545929739077
34.000000000001805 	 2.0752441411253453
34.100000000001785 	 2.061093515479642
34.200000000001765 	 2.0462411676008787
34.300000000001745 	 2.0308403063362683
34.400000000001725 	 2.0150483710744043
34.500000000001705 	 1.9990251995227415
34.600000000001685 	 1.9829312552190086
34.700000000001666 	 1.966925939731549
34.800000000001646 	 1.9511660091778131
34.900000000001626 	 1.9358041096998297
35.000000000001606 	 1.9209874415316355
35.100000000001586 	 1.906856556538187
35.200000000001566 	 1.8935442897626453
35.300000000001546 	 1.8811748217174784
35.400000000001526 	 1.8698628649874252
35.500000000001506 	 1.8597129662375715
35.60000000000149 	 1.8508189129645622
35.70000000000147 	 1.8432632332924233
35.80000000000145 	 1.8371167767723797
35.90000000000143 	 1.8324383644551874
36.00000000000141 	 1.829274497407137
36.10000000000139 	 1.8276591142682024
36.20000000000137 	 1.8276133903262002
36.30000000000135 	 1.8291455728216475
36.40000000000133 	 1.8322508497180896
36.50000000000131 	 1.836911251880605
36.60000000000129 	 1.8430955914079101
36.70000000000127 	 1.8507594416632969
36.80000000000125 	 1.8598451672448664
36.90000000000123 	 1.8702820146213224
37.00000000000121 	 1.8819862763272903
37.10000000000119 	 1.8948615433510834
37.20000000000117 	 1.9087990615474855
37.30000000000115 	 1.9236782084612616
37.40000000000113 	 1.9393671067546516
37.50000000000111 	 1.9557233894084893
37.60000000000109 	 1.9725951299466695
37.70000000000107 	 1.989821948085557
37.80000000000105 	 2.007236297397395
37.90000000000103 	 2.024664936948014
38.00000000000101 	 2.04193058331878
38.10000000000099 	 2.0588537332923225
38.20000000000097 	 2.0752546408986716
38.30000000000095 	 2.0909554258509777
38.40000000000093 	 2.1057822826214325
38.50000000000091 	 2.119567754884661
38.60000000000089 	 2.132153033168589
38.70000000000087 	 2.14339022819178
38.80000000000085 	 2.1531445703295327
38.864488067245986 	 2.161296486198807
38.8953965640224 	 2.1677434967162124
38.99539656402238 	 2.172401892642194
39.09539656402236 	 2.175208139963628
39.19539656402234 	 2.1761199778634506
39.29539656402232 	 2.175117178449045
39.3953965640223 	 2.172201946801353
39.49539656402228 	 2.1673989500216773
39.59539656402226 	 2.1607549746178245
39.69539656402224 	 2.1523382222520135
39.79539656402222 	 2.1422372641354936
39.8953965640222 	 2.1305596835784835
39.99539656402218 	 2.117430444298048
40.09539656402216 	 2.102990027922871
40.19539656402214 	 2.0873923906000194
40.29539656402212 	 2.070802786119409
40.3953965640221 	 2.0533955107731057
40.49539656402208 	 2.035351617168157
40.59539656402206 	 2.0168566441497733
40.69539656402204 	 1.9980984058590132
40.79539656402202 	 1.9792648754752935
40.895396564022 	 1.9605421941161552
40.99539656402198 	 1.9421128279488225
41.09539656402196 	 1.9241538896386696
41.19539656402194 	 1.9068356334412597
41.29539656402192 	 1.8903201268717267
41.3953965640219 	 1.874760096167836
41.49539656402188 	 1.860297937857142
41.59539656402186 	 1.8470648847486066
41.69539656402184 	 1.8351803116507799
41.79539656402182 	 1.8247511640855876
41.8953965640218 	 1.8158714921966264
41.99539656402178 	 1.8086220718931143
42.09539656402176 	 1.8030700959537824
42.19539656402174 	 1.7992689192528848
42.29539656402172 	 1.7972578443677898
42.3953965640217 	 1.7970619364836553
42.49539656402168 	 1.7986918596220378
42.59539656402166 	 1.8021437296820484
42.69539656402164 	 1.8073989834882653
42.79539656402162 	 1.814424266880224
42.8953965640216 	 1.823171348740983
42.99539656402158 	 1.8335770716286102
43.09539656402156 	 1.845563353218896
43.19539656402154 	 1.8590372559568498
43.29539656402152 	 1.8738911450074998
43.3953965640215 	 1.89000295664645
43.49539656402148 	 1.9072366004883377
43.59539656402146 	 1.9254425192708502
43.69539656402144 	 1.944458429158143
43.795396564021424 	 1.964110261585567
43.895396564021404 	 1.9842133244539317
43.995396564021384 	 2.0045736959630007
44.095396564021364 	 2.024989858522344
44.195396564021344 	 2.045254573212278
44.295396564021324 	 2.0651569870808646
44.395396564021304 	 2.0844849567413086
44.495396564021284 	 2.1030275623836574
44.595396564021264 	 2.1205777764867824
44.695396564021245 	 2.136935242915965
44.795396564021225 	 2.151909112436909
44.895396564021205 	 2.1653208761782765
44.995396564021185 	 2.177007130513387
45.095396564021165 	 2.1868222053840025
45.195396564021145 	 2.1946405875545025
45.295396564021125 	 2.2003590724011683
45.395396564021105 	 2.203898583043221
45.495396564021085 	 2.2052056035985257
45.595396564021065 	 2.204253183679374
45.695396564021046 	 2.201041483676195
45.795396564021026 	 2.1955978442442174
45.895396564021006 	 2.18797637809617
45.995396564020986 	 2.178257096992721
46.095396564020966 	 2.166544601009692
46.195396564020946 	 2.1529663699498154
46.295396564020926 	 2.1376707075776133
46.395396564020906 	 2.1208243991107314
46.495396564020886 	 2.1026101449929135
46.59539656402087 	 2.083223842089098
46.69539656402085 	 2.0628717784262056
46.79539656402083 	 2.0417678096907363
46.89539656402081 	 2.0201305770118907
46.99539656402079 	 1.998180821871477
47.09539656402077 	 1.9761388438601426
47.19539656402075 	 1.9542221387091125
47.29539656402073 	 1.9326432440412493
47.39539656402071 	 1.9116078107843568
47.49539656402069 	 1.8913129083903466
47.59539656402067 	 1.8719455635277988
47.69539656402065 	 1.853681526423694
47.79539656402063 	 1.8366842486506543
47.89539656402061 	 1.8211040545910457
47.99539656402059 	 1.8070775123546903
48.09539656402057 	 1.794726840397409
48.19539656402055 	 1.7841595431319965
48.29539656402053 	 1.7754682287411496
48.39539656402051 	 1.768730245744718
48.49539656402049 	 1.7640075471348609
48.59539656402047 	 1.7613465053753397
48.69539656402045 	 1.7607777924202888
48.79539656402043 	 1.7623162477428302
48.89539656402041 	 1.7659606817569655
48.99539656402039 	 1.7716937338786098
49.09539656402037 	 1.7794816968728486
49.19539656402035 	 1.7892743104277966
49.29539656402033 	 1.801004617454744
49.39539656402031 	 1.8145888345119174
49.49539656402029 	 1.829926260840259
49.59539656402027 	 1.846899277987521
49.69539656402025 	 1.8653734582681507
49.79539656402023 	 1.8851978145976651
49.89539656402021 	 1.906205226087989
49.99539656402019 	 1.9282130730798688
50.09539656402017 	 1.9510241137310744
50.19539656402015 	 1.9744276310313746
50.29539656402013 	 1.998200874062301
50.39539656402011 	 2.0221108104169523
50.49539656402009 	 2.0459161979711182
50.59539656402007 	 2.0693699738171887
50.69539656402005 	 2.0922219463893468
50.79539656402003 	 2.114221764019594
50.89539656402001 	 2.1351221200782535
50.99539656401999 	 2.1546821409727053
51.09539656401997 	 2.172670891170228
51.19539656401995 	 2.188870919926971
51.29539656401993 	 2.2030817633408133
51.39539656401991 	 2.21512331117012
51.49539656401989 	 2.2248389458543874
51.59539656401987 	 2.232098362256019
51.69539656401985 	 2.2367999827959504
51.79539656401983 	 2.2388728924398134
51.89539656401981 	 2.2382782315038634
51.99539656401979 	 2.23501000090251
52.09539656401977 	 2.2290952534444792
52.19539656401975 	 2.2205936651254223
52.29539656401973 	 2.2095965010575807
52.39539656401971 	 2.1962250106272228
52.49539656401969 	 2.1806283045625854
52.59539656401967 	 2.1629807819913887
52.69539656401965 	 2.14347918814538
52.79539656401963 	 2.122339391027895
52.89539656401961 	 2.099792968050744
52.99539656401959 	 2.0760836986735813
53.09539656401957 	 2.0514640487728637
53.19539656401955 	 2.0261917299566687
53.29539656401953 	 2.000526405882614
53.395396564019514 	 1.974726605500578
53.495396564019494 	 1.949046890655647
53.595396564019474 	 1.9237353119771272
53.695396564019454 	 1.8990311718176218
53.795396564019434 	 1.8751631038854903
53.895396564019414 	 1.8523474640999569
53.995396564019394 	 1.8307870184822574
54.095396564019374 	 1.8106699265651016
54.195396564019354 	 1.7921689088347303
54.295396564019335 	 1.7754406227108577
54.395396564019315 	 1.7606254381800308
54.495396564019295 	 1.747847033324405
54.595396564019275 	 1.7372122159847074
54.695396564019255 	 1.7288109168150418
54.795396564019235 	 1.7227160603463736
54.895396564019215 	 1.7189835785158953
54.995396564019195 	 1.7176522925852766
55.095396564019175 	 1.7187438215950603
55.195396564019156 	 1.722262455305589
55.295396564019136 	 1.7281949382549915
55.395396564019116 	 1.736510216446329
55.495396564019096 	 1.7471591769172081
55.595396564019076 	 1.7600743293201162
55.695396564019056 	 1.7751694368618187
55.795396564019036 	 1.7923392579113329
55.895396564019016 	 1.8114592885864658
55.995396564018996 	 1.8323856112854038
56.09539656401898 	 1.8549548807309122
56.19539656401896 	 1.8789844937720355
56.29539656401894 	 1.904272990672423
56.39539656401892 	 1.9306007352433558
56.4953965640189 	 1.957730918657403
56.59539656401888 	 1.9854109268573008
56.69539656401886 	 2.0133741039788737
56.79539656401884 	 2.041341934069928
56.89539656401882 	 2.0690266506614305
56.9953965640188 	 2.0961342686898936
57.09539656401878 	 2.122368016261572
57.19539656401876 	 2.1474321256606617
57.29539656401874 	 2.171035924011805
57.39539656401872 	 2.192898144678613
57.4953965640187 	 2.212751366175556
57.59539656401868 	 2.230346468397577
57.69539656401866 	 2.245456986441369
57.79539656401864 	 2.2578832365274986
57.89539656401862 	 2.267456087863397
57.9953965640186 	 2.2740402593461617
58.09539656401858 	 2.277537031407813
58.19539656401856 	 2.2778862801049375
58.29539656401854 	 2.2750677623521836
58.39539656401852 	 2.2691016068783774
58.4953965640185 	 2.260047993657126
58.59539656401848 	 2.248006033747514
58.69539656401846 	 2.233111890034102
58.79539656401844 	 2.215536205589655
58.89539656401842 	 2.1954809288001247
58.9953965640184 	 2.173175644158152
59.09539656401838 	 2.148873525161643
59.19539656401836 	 2.1228470382775106
59.29539656401834 	 2.0953835244387213
59.39539656401832 	 2.0667807777424354
59.4953965640183 	 2.0373427348616313
59.59539656401828 	 2.0073753720660905
59.69539656401826 	 1.9771828912895584
59.79539656401824 	 1.9470642580455226
59.89539656401822 	 1.9173101344209262
59.9953965640182 	 1.888200231313241
60.09539656401818 	 1.8600010891912162
60.19539656401816 	 1.8329642759560822
60.29539656401814 	 1.8073250068393278
60.39539656401812 	 1.7833010489512788
60.4953965640181 	 1.7610919767928277
60.59539656401808 	 1.7408788092122915
60.69539656401806 	 1.72282373519524
60.79539656401804 	 1.7070700856351702
60.89539656401802 	 1.6937423665473625
60.995396564018 	 1.6829463035170473
61.09539656401798 	 1.6747691048663522
61.19539656401796 	 1.6692795972598102
61.29539656401794 	 1.6665282537557409
61.39539656401792 	 1.666547219208811
61.4953965640179 	 1.6693502625904193
61.59539656401788 	 1.674932560321847
61.69539656401786 	 1.6832704110842582
61.79539656401784 	 1.694320838197816
61.89539656401782 	 1.708021103137399
61.9953965640178 	 1.724288152313666
62.09539656401778 	 1.7430180315355923
62.19539656401776 	 1.7640853026522856
62.29539656401774 	 1.787342513889326
62.39539656401772 	 1.8126197776828157
62.4953965640177 	 1.8397245158323607
62.59539656401768 	 1.8684414368359528
62.69539656401766 	 1.8985328122275158
62.79539656401764 	 1.9297391184114807
62.895396564017624 	 1.9617801071831737
62.995396564017604 	 1.9943563614342268
63.095396564017584 	 2.027151382169705
63.195396564017564 	 2.059834238767171
63.295396564017544 	 2.0920627964532774
63.395396564017524 	 2.1234875135731324
63.495396564017504 	 2.1537557769763738
63.595396564017484 	 2.182516718446862
63.695396564017464 	 2.209426426068527
63.795396564017445 	 2.2341534419404887
63.895396564017425 	 2.2563844123090746
63.995396564017405 	 2.2758297343453413
64.09539656401745 	 2.292229033239352
64.1953965640175 	 2.305356298128737
64.29539656401755 	 2.3138621053809554
64.3953965640176 	 2.3204485315589536
64.49539656401765 	 2.3233448199510707
64.5953965640177 	 2.322494161078612
64.69539656401776 	 2.317889034571076
64.7953965640178 	 2.309571459842126
64.89539656401786 	 2.2976321763681757
64.99539656401791 	 2.2822087857145856
65.09539656401796 	 2.2634829271148527
65.19539656401801 	 2.241676593445746
65.29539656401806 	 2.2170477246365117
65.39539656401811 	 2.189885236145076
65.49539656401817 	 2.1605036508000968
65.59539656401822 	 2.129237514668676
65.69539656401827 	 2.096435762657061
65.79539656401832 	 2.062456195307236
65.89539656401837 	 2.0276602077882466
65.99539656401842 	 1.9924078890255768
66.09539656401847 	 1.9570535842103398
66.19539656401852 	 1.9219419856122593
66.29539656401857 	 1.8874047905531606
66.39539656401863 	 1.853757941727318
66.49539656401868 	 1.8212994380517902
66.59539656401873 	 1.790307729493059
66.69539656401878 	 1.7610405024416167
66.79539656401883 	 1.7337338503821813
66.89539656401888 	 1.70860229974957
66.99539656401893 	 1.6858384494511827
67.09539656401898 	 1.6656132973392344
67.19539656401903 	 1.648076687456956
67.29539656401909 	 1.6333576319668628
67.39539656401914 	 1.6215648702506311
67.49539656401919 	 1.6127872668772414
67.59539656401924 	 1.60709430117985
67.69539656401929 	 1.6045362730553598
67.79539656401934 	 1.6051444344875623
67.89539656401939 	 1.6089309745208498
67.99539656401944 	 1.6158887631673187
68.0953965640195 	 1.6259909464607891
68.19539656401955 	 1.6391903541783546
68.2953965640196 	 1.655418747488418
68.39539656401965 	 1.6745859356311046
68.4953965640197 	 1.6965788009137317
68.59539656401975 	 1.721260287717145
68.6953965640198 	 1.7484684076970358
68.79539656401985 	 1.7780153421893714
68.8953965640199 	 1.8096867174641378
68.99539656401996 	 1.8432411410733225
69.09539656402 	 1.8784100912733643
69.19539656402006 	 1.9148982529964962
69.29539656402011 	 1.9523843914894672
69.39539656402016 	 1.9905228478121613
69.49539656402021 	 2.0289457283100876
69.59539656402026 	 2.067265842560527
69.69539656402031 	 2.105080421050676
69.79539656402036 	 2.141975615260127
69.89539656402042 	 2.177531749620644
69.99539656402047 	 2.211329258217241
70.09539656402052 	 2.242955200777569
70.19539656402057 	 2.2720102145868255
70.29539656402062 	 2.29811572390868
70.39539656402067 	 2.3209211988867122
70.49539656402072 	 2.3401112342893664
70.59539656402077 	 2.355412207093573
70.69539656402083 	 2.3665982724859327
70.79539656402088 	 2.3734964713402715
70.89539656402093 	 2.3759907486888743
70.99539656402098 	 2.3740247210205814
71.09539656402103 	 2.3676030787134663
71.19539656402108 	 2.3567915654271885
71.29539656402113 	 2.3417155356561348
71.39539656402118 	 2.3225571509692817
71.49539656402123 	 2.2995513309245705
71.59539656402129 	 2.2729806224484306
71.69539656402134 	 2.2431691924951926
71.79539656402139 	 2.2104761676798765
71.89539656402144 	 2.175288567067793
71.99539656402149 	 2.1380140698273826
72.09539656402154 	 2.0990738452403312
72.19539656402159 	 2.05889565607745
72.29539656402164 	 2.017907412362892
72.3953965640217 	 1.9765313188967457
72.49539656402175 	 1.9351787203218782
72.5953965640218 	 1.8942457094229026
72.69539656402185 	 1.8541095295839574
72.7953965640219 	 1.815125763597478
72.89539656402195 	 1.7776263253865006
72.995396564022 	 1.7419180201847364
73.09539656402205 	 1.7082816599716615
73.1953965640221 	 1.6769722541953442
73.29539656402216 	 1.6482188978178967
73.3953965640222 	 1.6222255385859217
73.49539656402226 	 1.5991716408488914
73.59539656402231 	 1.57921318517607
73.69539656402236 	 1.5624836778811488
73.79539656402241 	 1.5490951370271953
73.89539656402246 	 1.5391389874694956
73.99539656402251 	 1.532686805172167
74.09539656402256 	 1.5297908602394024
74.19539656402262 	 1.530484420402246
74.29539656402267 	 1.5347817874649408
74.39539656402272 	 1.542678050547107
74.49539656402277 	 1.5541485515831275
74.59539656402282 	 1.5691480705425314
74.69539656402287 	 1.5876097503068483
74.79539656402292 	 1.6094437941418491
74.89539656402297 	 1.6345359822334367
74.99539656402303 	 1.6627460677113624
75.09539656402308 	 1.6939061267399484
75.19539656402313 	 1.7278189512277915
75.29539656402318 	 1.764256585943785
75.39539656402323 	 1.80295912358665
75.49539656402328 	 1.8436338807250123
75.59539656402333 	 1.8859550834406085
75.69539656402338 	 1.9295641928029033
75.79539656402343 	 1.9740709957922455
75.89539656402349 	 2.01905557586583
75.99539656402354 	 2.064071258127104
76.09539656402359 	 2.1086485964782087
76.19539656402364 	 2.1523004341711105
76.29539656402369 	 2.1945280254357202
76.39539656402374 	 2.234828155714686
76.49539656402379 	 2.2727011436171267
76.59539656402384 	 2.307659551945379
76.6953965640239 	 2.339237381593534
76.79539656402395 	 2.3669994747373755
76.895396564024 	 2.390550816596648
76.99539656402405 	 2.409545401931838
77.0953965640241 	 2.423694326416113
77.19539656402415 	 2.4327727760913005
77.2953965640242 	 2.4366256208105423
77.39539656402425 	 2.4351713689810977
77.4953965640243 	 2.4284043081573716
77.59539656402436 	 2.416394735317753
77.6953965640244 	 2.399287266441018
77.79539656402446 	 2.3772973017481775
77.89539656402451 	 2.350705804269069
77.99539656402456 	 2.3198526199867464
78.09539656402461 	 2.285128626357534
78.19539656402466 	 2.246967025498453
78.29539656402471 	 2.2058341296977955
78.39539656402476 	 2.162219972496255
78.49539656402482 	 2.1166290671211008
78.59539656402487 	 2.0695715979433773
78.69539656402492 	 2.021555284251059
78.79539656402497 	 1.973078105028306
78.89539656402502 	 1.924622011975173
78.99539656402507 	 1.876647713863085
79.09539656402512 	 1.8295905496532814
79.19539656402517 	 1.7838575058073125
79.29539656402522 	 1.7398249277753308
79.39539656402528 	 1.6978376756108853
79.49539656402533 	 1.6582085206362087
79.59539656402538 	 1.6212188163147916
79.69539656402543 	 1.5871191745253648
79.79539656402548 	 1.5561307746695645
79.89539656402553 	 1.5284469610021338
79.99539656402558 	 1.5042349698821667
80.09539656402563 	 1.4836376971268541
80.19539656402569 	 1.4667754031586457
80.29539656402574 	 1.453747270244107
80.39539656402579 	 1.444632734873568
80.49539656402584 	 1.439492533155255
80.59539656402589 	 1.4383694094810928
80.69539656402594 	 1.4412884511348514
80.79539656402599 	 1.4482570237630032
80.89539656402604 	 1.4592642948999799
80.9953965640261 	 1.47428034533108
81.09539656402615 	 1.4932548812603983
81.1953965640262 	 1.516115574294439
81.29539656402625 	 1.5427660714611808
81.3953965640263 	 1.5730837341511674
81.49539656402635 	 1.6069171798652397
81.5953965640264 	 1.6440837270705149
81.69539656402645 	 1.6843668510632497
81.7953965640265 	 1.7275137863962056
81.89539656402656 	 1.7732334270757317
81.9953965640266 	 1.8211946895312252
82.09539656402666 	 1.871025515581897
82.19539656402671 	 1.922312697502724
82.29539656402676 	 1.9746027045290306
82.39539656402681 	 2.0274036776212974
82.49539656402686 	 2.0801887354246635
82.59539656402691 	 2.132400697983769
82.69539656402696 	 2.183458285548197
82.79539656402702 	 2.232763788361933
82.89539656402707 	 2.2797121315037963
82.99539656402712 	 2.323701179775863
83.09539656402717 	 2.36414304574061
83.19539656402722 	 2.400476084808004
83.29539656402727 	 2.432177191024761
83.39539656402732 	 2.45877395237924
83.49539656402737 	 2.4798561910234596
83.59539656402742 	 2.495086406691641
83.69539656402748 	 2.504208663743356
83.79539656402753 	 2.5070555145463227
83.89539656402758 	 2.503552631888288
83.99539656402763 	 2.493720926839063
84.09539656402768 	 2.477676048288488
84.19539656402773 	 2.4556252880629614
84.29539656402778 	 2.4278620417291155
84.39539656402783 	 2.394758089945449
84.49539656402789 	 2.3567540609692883
84.59539656402794 	 2.3143485093483465
84.69539656402799 	 2.2680860757340002
84.79539656402804 	 2.218545224007893
84.89539656402809 	 2.166326014076761
84.99539656402814 	 2.1120383416912643
85.09539656402819 	 2.056291007410444
85.19539656402824 	 1.9996819061019624
85.2953965640283 	 1.9427895416864132
85.39539656402835 	 1.8861660014405817
85.4953965640284 	 1.8303314322999158
85.59539656402845 	 1.7757700023181318
85.68397798280529 	 1.7229272694038882
85.78112333749954 	 1.6722088346501007
85.88112333749959 	 1.6239801240124472
85.98112333749964 	 1.5785671303572606
86.08112333749969 	 1.5362579159218523
86.18112333749974 	 1.497304706339411
86.28112333749979 	 1.4619263878521433
86.38112333749984 	 1.4303112466401222
86.4811233374999 	 1.4026197964051548
86.58112333749995 	 1.3789875588455747
86.6811233375 	 1.3595276836214136
86.78112333750005 	 1.3443333210915822
86.8811233375001 	 1.3334795792081895
86.98112333750015 	 1.3270252167510321
87.0811233375002 	 1.3250137176190269
87.18112333750025 	 1.3274739468688255
87.2811233375003 	 1.3344202490695414
87.38112333750036 	 1.3458519930696728
87.4811233375004 	 1.361752564719868
87.58112333750046 	 1.3820878069608704
87.68112333750051 	 1.406803929038867
87.78112333750056 	 1.4358249200683142
87.88112333750061 	 1.469049519679364
87.98112333750066 	 1.5063478189885535
88.08112333750071 	 1.5475575850717656
88.18112333750076 	 1.5924804329049809
88.28112333750082 	 1.6408779905930664
88.38112333750087 	 1.692468229268414
88.48112333750092 	 1.746922163834418
88.58112333750097 	 1.8038611477636903
88.68112333750102 	 1.8628550070626941
88.78112333750107 	 1.9234212689365962
88.88112333750112 	 1.9850257404354292
88.98112333750117 	 2.0470846778301577
89.08112333750123 	 2.1089687558826467
89.18112333750128 	 2.170008995507591
89.28112333750133 	 2.2295047377348403
89.38112333750138 	 2.2867336621470726
89.48112333750143 	 2.3409637418623075
89.58112333750148 	 2.39146690959439
89.68112333750153 	 2.4375340874842673
89.78112333750158 	 2.4784911161915413
89.88112333750163 	 2.5137150163164086
89.98112333750169 	 2.542649937983789
90.08112333750174 	 2.564822111860736
90.18112333750179 	 2.5798531142862773
90.28112333750184 	 2.587470804843963
90.38112333750189 	 2.587517386051705
90.48112333750194 	 2.5799541680241167
90.58112333750199 	 2.5648627863975255
90.68112333750204 	 2.542442807348309
90.7811233375021 	 2.5130058448855612
90.88112333750215 	 2.4769664964490867
90.9811233375022 	 2.434830559499383
91.08112333750225 	 2.3871811186219714
91.1811233375023 	 2.3346631550925907
91.28112333750235 	 2.2779673891075376
91.3811233375024 	 2.217814023316639
91.48112333750245 	 2.154937022341751
91.5811233375025 	 2.090069466314666
91.68112333750256 	 2.023930413269022
91.7811233375026 	 1.957213578014775
91.88112333750266 	 1.8905780283764146
91.98112333750271 	 1.824640965417522
92.08112333750276 	 1.7599725647426823
92.18112333750281 	 1.6970927670012044
92.28112333750286 	 1.6364698403093212
92.38112333750291 	 1.57852049651974
92.48112333750296 	 1.523611309644515
92.58112333750302 	 1.4720611757055182
92.68112333750307 	 1.4241445660002852
92.78112333750312 	 1.3800953265991416
92.88112333750317 	 1.3401108035040545
92.98112333750322 	 1.3043560961384828
93.08112333750327 	 1.2729682680942644
93.18112333750332 	 1.2460603702878954
93.28112333750337 	 1.223725156225607
93.38112333750342 	 1.206038391560542
93.48112333750348 	 1.1930616793825832
93.58112333750353 	 1.1848447391268568
93.68112333750358 	 1.1814270905119337
93.78112333750363 	 1.1828391049945133
93.88112333750368 	 1.189102396419927
93.98112333750373 	 1.200229530565413
94.08112333750378 	 1.2162230409210637
94.18112333750383 	 1.2370737462015018
94.28112333750389 	 1.2627583746297104
94.38112333750394 	 1.2932365118933262
94.48112333750399 	 1.3284469047091645
94.58112333750404 	 1.3683031707705209
94.68112333750409 	 1.412688989419387
94.78112333750414 	 1.461452875529474
94.88112333750419 	 1.514402672161559
94.98112333750424 	 1.5712999348232204
95.0811233375043 	 1.631854422434665
95.18112333750435 	 1.6957189412814013
95.2811233375044 	 1.762484851197253
95.38112333750445 	 1.8316785536611482
95.4811233375045 	 1.9027593177936222
95.58112333750455 	 1.9751188176919294
95.6811233375046 	 2.0480827348359516
95.78112333750465 	 2.120914748694764
95.8811233375047 	 2.1928231906528706
95.98112333750475 	 2.2629705276181866
96.0811233375048 	 2.330485726636799
96.18112333750486 	 2.3944793990830515
96.28112333750491 	 2.454061450165419
96.38112333750496 	 2.5083607780958865
96.48112333750501 	 2.5565463822643664
96.58112333750506 	 2.5978490851316924
96.68112333750511 	 2.6315829399721538
96.78112333750516 	 2.657165340004372
96.88112333750522 	 2.6741348186414537
96.98112333750527 	 2.682165610215207
97.08112333750532 	 2.6810781734922347
97.18112333750537 	 2.670845084905817
97.28112333750542 	 2.6515919616553596
97.38112333750547 	 2.6235933579953246
97.48112333750552 	 2.5872638665692698
97.58112333750557 	 2.543144923856534
97.68112333750562 	 2.4918880483903725
97.78112333750568 	 2.4342353985451424
97.88112333750573 	 2.3709986408813815
97.98112333750578 	 2.3030371383991968
98.08112333750583 	 2.2312364178403494
98.18112333750588 	 2.1564877763406147
98.28112333750593 	 2.0796697328032954
98.38112333750598 	 2.0016318585700974
98.48112333750603 	 1.9231813356450576
98.58112333750609 	 1.84507241204031
98.68112333750614 	 1.7679987623865712
98.78112333750619 	 1.6925886264000305
98.88112333750624 	 1.6194024927035202
98.98112333750629 	 1.548933021995405
99.08112333750634 	 1.481606860046539
99.18112333750639 	 1.417787973904021
99.28112333750644 	 1.3577821492290516
99.3811233375065 	 1.3018423076555328
99.48112333750655 	 1.2501743352705306
99.5811233375066 	 1.2029431521136718
99.68112333750665 	 1.160278794020449
99.7811233375067 	 1.122282319075988
99.88112333750675 	 1.0890313891174446
99.9811233375068 	 1.0605854106100396
100.08112333750685 	 1.0369901479697876
100.1811233375069 	 1.0182817456984916
100.28112333750695 	 1.0044901136313593
100.381123337507 	 0.9956416425772656
100.48112333750706 	 0.9917612262732961
100.58112333750711 	 0.9928735706418156
100.68112333750716 	 0.9990037736912216
100.78112333750721 	 1.0101771599712217
100.88112333750726 	 1.0264183532666078
100.98112333750731 	 1.0477495712254794
101.08112333750736 	 1.0741881269546707
101.18112333750742 	 1.105743126413027
101.28112333750747 	 1.1424113578675394
101.38112333750752 	 1.1841723819324963
101.48112333750757 	 1.2309828489497627
101.58112333750762 	 1.282770095736044
101.68112333750767 	 1.3394251068540146
101.78112333750772 	 1.4007949670246496
101.88112333750777 	 1.4666749810010742
101.98112333750782 	 1.5368006943111265
102.08112333750788 	 1.6108401108825248
102.18112333750793 	 1.6883864685994399
102.28112333750798 	 1.7689519968136602
102.38112333750803 	 1.8519631347969925
102.48112333750808 	 1.9367577297651541
102.58112333750813 	 2.0225847490947304
102.68112333750818 	 2.1086070249572266
102.78112333750823 	 2.193907492596867
102.88112333750828 	 2.277499279410917
102.98112333750834 	 2.3583398475355324
103.08112333750839 	 2.435349189070221
103.18112333750844 	 2.507431827478546
103.28112333750849 	 2.573502104695191
103.38112333750854 	 2.6325119510898656
103.48112333750859 	 2.6834800700128065
103.58112333750864 	 2.7255212485172695
103.6811233375087 	 2.757874359105502
103.78112333750875 	 2.779927567913073
103.8811233375088 	 2.7912393284470727
103.98112333750885 	 2.7915539212365665
104.0811233375089 	 2.7808105899845375
104.18112333750895 	 2.7591457015087153
104.281123337509 	 2.726887787522914
104.38112333750905 	 2.684545770946866
104.4811233375091 	 2.632791093836972
104.58112333750915 	 2.5724348207307886
104.6811233375092 	 2.504401028728314
104.78112333750926 	 2.4296979534789265
104.88112333750931 	 2.3493883736786505
104.98112333750936 	 2.2645606329893395
105.08112333750941 	 2.176301514635281
105.18112333750946 	 2.0856719556587664
105.28112333750951 	 1.9936862925805916
105.38112333750956 	 1.9012954817515746
105.48112333750962 	 1.8093744305331771
105.58112333750967 	 1.7187133691629775
105.68112333750972 	 1.6300129952923714
105.78112333750977 	 1.543882998227295
105.88112333750982 	 1.460843462985337
105.98112333750987 	 1.3813286281082606
106.08112333750992 	 1.3056924724885737
106.18112333750997 	 1.2342156186086028
106.28112333751002 	 1.1671130955456994
106.38112333751008 	 1.1045425633024
106.48112333751013 	 1.046612665882272
106.58112333751018 	 0.9933912464946826
106.68112333751023 	 0.944913220765213
106.78112333751028 	 0.9011879597626912
106.88112333751033 	 0.8622060825773453
106.98112333751038 	 0.8279455976131589
107.08112333751043 	 0.7983773625825189
107.18112333751048 	 0.7734698559784672
107.28112333751054 	 0.753193268331694
107.38112333751059 	 0.7375229307605313
107.48112333751064 	 0.7264421021687499
107.58112333751069 	 0.719944135881765
107.68112333751074 	 0.718034042422881
107.78112333751079 	 0.7207294583289509
107.88112333751084 	 0.7280610221331097
107.9811233375109 	 0.7400721485972567
108.08112333751095 	 0.7568181816368038
108.181123337511 	 0.7783648958416535
108.28112333751105 	 0.804786306815537
108.3811233375111 	 0.8361617425849907
108.48112333751115 	 0.8725721230597633
108.5811233375112 	 0.9140953931141423
108.68112333751125 	 0.9608010586398703
108.7811233375113 	 1.0127437854054897
108.88112333751135 	 1.0699560393876675
108.9811233375114 	 1.1324397761116471
109.08112333751146 	 1.2001572270567422
109.18112333751151 	 1.2730208846602373
109.28112333751156 	 1.3508828546245537
109.38112333751161 	 1.4335238249008118
109.48112333751166 	 1.520641993339325
109.58112333751171 	 1.611842397218767
109.68112333751176 	 1.706627192126862
109.78112333751181 	 1.804387526876625
109.88112333751187 	 1.904397744601113
109.98112333751192 	 2.005812694830086
110.08112333751197 	 2.107668952559323
110.18112333751202 	 2.208890693210222
110.28112333751207 	 2.308300853523877
110.38112333751212 	 2.4046380091975506
110.48112333751217 	 2.4965791173258416
110.58112333751222 	 2.5827679133827584
110.68112333751228 	 2.6618483350545636
110.78112333751233 	 2.732501909845294
110.88112333751238 	 2.793487599785468
110.98112333751243 	 2.8436822357804106
111.08112333751248 	 2.8703027273654307
111.18112333751253 	 2.8806200186078708
111.28112333751258 	 2.907116098533665
111.38112333751263 	 2.9205471584588243
111.48112333751268 	 2.9205908735781683
111.58112333751274 	 2.9071793004361717
111.68112333751279 	 2.8805014612928685
111.78112333751284 	 2.84099569302374
111.88112333751289 	 2.7893322693674336
111.98112333751294 	 2.726387448424827
112.08112333751299 	 2.6532106354097365
112.18112333751304 	 2.570986694780488
112.2811233375131 	 2.480995643410933
112.38112333751315 	 2.384571928355275
112.4811233375132 	 2.2830653069924596
112.58112333751325 	 2.17780502245407
112.6811233375133 	 2.070068559921912
112.78112333751335 	 1.9610558363940436
112.8811233375134 	 1.851869233648106
112.98112333751345 	 1.743499482872708
113.0811233375135 	 1.6368171050300973
113.18112333751355 	 1.532568858535388
113.2811233375136 	 1.4313784699355374
113.38112333751366 	 1.333750886634752
113.48112333751371 	 1.2400792329080212
113.58112333751376 	 1.1506537053466779
113.68112333751381 	 1.065671712608297
113.78112333751386 	 0.9852486586590283
113.88112333751391 	 0.9094288734083464
113.98112333751396 	 0.8381962996238165
114.08112333751401 	 0.7714846447708338
114.18112333751407 	 0.709186794945959
114.28112333751412 	 0.6511633641816195
114.38112333751417 	 0.5972503147745268
114.48112333751422 	 0.5472656333935845
114.58112333751427 	 0.5010150846643708
114.68112333751432 	 0.45829709021169157
114.78112333751437 	 0.41890679852990775
114.88112333751442 	 0.38263942120721883
114.98112333751448 	 0.34929291547921965
115.08112333751453 	 0.3186700934584657
115.18112333751458 	 0.2905802356287452
115.28112333751463 	 0.2648402814511663
115.38112333751468 	 0.241275663933998
115.48112333751473 	 0.21972084837955133
115.58112333751478 	 0.2000196286863636
115.68112333751483 	 0.18202522787215764
115.78112333751488 	 0.16560024310780974
115.88112333751494 	 0.1506164696497281
115.98112333751499 	 0.13695463270145078
116.08112333751504 	 0.12450405145399888
116.18112333751509 	 0.11316225534598683
116.28112333751514 	 0.10283456892474879
116.38112333751519 	 0.09343367854138927
116.48112333751524 	 0.08487919143074
116.5811233375153 	 0.07709719546346146
116.68112333751534 	 0.07001982596344446
116.7811233375154 	 0.06358484441245553
116.88112333751545 	 0.05773523257184714
116.9811233375155 	 0.052418804498059
117.08112333751555 	 0.04758783807855686
117.1811233375156 	 0.04319872703587337
117.28112333751565 	 0.039211653811586394
117.3811233375157 	 0.0355902833251633
117.48112333751575 	 0.03230147728379934
117.5811233375158 	 0.029315028480934483
117.68112333751586 	 0.026603414348021718
117.78112333751591 	 0.02414156890370382
117.88112333751596 	 0.021906672166271197
117.98112333751601 	 0.019877956050342857
118.08112333751606 	 0.018036525749882636
118.18112333751611 	 0.016365195610974992
118.28112333751616 	 0.014848338514374296
118.38112333751621 	 0.013471747815759213
118.48112333751627 	 0.01222251092768653
118.58112333751632 	 0.011088893668899754
118.68112333751637 	 0.010060234551885231
118.78112333751642 	 0.00912684822679429
118.88112333751647 	 0.008279937347828907
118.98112333751652 	 0.007511512175976124
119.08112333751657 	 0.006814317278860458
119.18112333751662 	 0.0061817647339415666
119.28112333751668 	 0.005607873284944576
119.38112333751673 	 0.005087212943020796
119.48112333751678 	 0.0046148545635406974
119.58112333751683 	 0.004186323966535577
119.68112333751688 	 0.003797560203603947
119.78112333751693 	 0.0034448776066008505
119.88112333751698 	 0.0031249312836833464
119.98112333751703 	 0.002834685756366998
120.08112333751708 	 0.002571386457246744
120.18112333751714 	 0.0023325338320524603
120.28112333751719 	 0.0021158598118527347
120.38112333751724 	 0.0019193064416011905
120.48112333751729 	 0.001741006469950083
120.58112333751734 	 0.001579265722446252
120.68112333751739 	 0.0014325470959828711
120.78112333751744 	 0.0012994560268105686
120.8811233375175 	 0.0011787272976129441
120.98112333751754 	 0.0010692130612186576
121.0811233375176 	 0.0009698719695441411
121.18112333751765 	 0.0008797593064214205
121.2811233375177 	 0.0007980180321426699
121.38112333751775 	 0.0007238706559200057
121.4811233375178 	 0.0006566118600834228
121.58112333751785 	 0.0005956018067844812
121.6811233375179 	 0.000540260064296438
121.78112333751795 	 0.000490060095756572
121.881123337518 	 0.00044452425843277904
121.98112333751806 	 0.00040321926638420394
122.08112333751811 	 0.00036575207238163324
122.18112333751816 	 0.0003317661364148322
122.28112333751821 	 0.0003009380334285593
122.38112333751826 	 0.000272974379624309
122.48112333751831 	 0.000247609043377974
122.58112333751836 	 0.00022460061471960582
122.68112333751841 	 0.0002037301096249185
122.78112333751847 	 0.0001847988873585513
122.88112333751852 	 0.00016762676112051976
122.98112333751857 	 0.00015205028407367507
123.08112333751862 	 0.00013792119448821614
123.18112333751867 	 0.00012510500524470636
123.28112333751872 	 0.00011347972430361722
123.37578126109696 	 0.00010293469398986567
123.47578126109701 	 9.336953806669711e-05
123.57578126109706 	 8.469320659511655e-05
123.67578126109711 	 7.682310950244348e-05
123.77578126109717 	 6.968433062515985e-05
123.87578126109722 	 6.320891475493538e-05
123.97578126109727 	 5.7335220909726905e-05
124.07578126109732 	 5.200733568068626e-05
124.17578126109737 	 4.717454107619167e-05
124.27578126109742 	 4.2790816974182155e-05
124.37578126109747 	 3.881443408314016e-05
124.47578126109752 	 3.520755862634901e-05
124.57578126109757 	 3.1935854331798406e-05
124.67578126109763 	 2.8968175535992396e-05
124.77578126109768 	 2.6276270717449997e-05
124.87578126109773 	 2.3834513575212162e-05
124.97578126109778 	 2.161965909351204e-05
125.07578126109783 	 1.9610622271404476e-05
125.17578126109788 	 1.7788277411732467e-05
125.27578126109793 	 1.6135276059377916e-05
125.37578126109798 	 1.4635881856157726e-05
125.47578126109804 	 1.3275820740667704e-05
125.57578126109809 	 1.2042145067374467e-05
125.67578126109814 	 1.0923110351695757e-05
125.77578126109819 	 9.908063467950756e-06
125.87578126109824 	 8.987341236045246e-06
125.97578126109829 	 8.152178431617894e-06
126.07578126109834 	 7.394624344052867e-06
126.1757812610984 	 6.707467088112979e-06
126.27578126109844 	 6.0841649487403225e-06
126.3757812610985 	 5.518784105508899e-06
126.47578126109855 	 5.005942143933437e-06
126.5757812610986 	 4.540756815917278e-06
126.67578126109865 	 4.11879956158402e-06
126.7757812610987 	 3.7360533500578605e-06
126.87578126109875 	 3.388874437867191e-06
126.9757812610988 	 3.073957680936307e-06
127.07578126109885 	 2.788305069955705e-06
127.1757812610989 	 2.5291971896042857e-06
127.27578126109896 	 2.2941673299288567e-06
127.37578126109901 	 2.0809780034323036e-06
127.47578126109906 	 1.887599644322154e-06
127.57578126109911 	 1.7121912871437325e-06
127.67578126109916 	 1.5530830408644663e-06
127.77578126109921 	 1.408760191567495e-06
127.87578126109926 	 1.277848782416171e-06
127.97578126109931 	 1.1591025336138973e-06
128.07578126109925 	 1.051390977839914e-06
128.17578126109916 	 9.53688698212463e-07
128.27578126109907 	 8.650655663264136e-07
128.37578126109898 	 7.846778874328169e-07
128.4757812610989 	 7.117603684635701e-07
128.5757812610988 	 6.456188324376489e-07
128.6757812610987 	 5.856236098907306e-07
128.77578126109862 	 5.312035444151557e-07
128.87578126109852 	 4.818405552433905e-07
128.97578126109843 	 4.3706470511111065e-07
129.07578126109834 	 3.964497264462129e-07
129.17578126109825 	 3.5960896329326904e-07
129.27578126109816 	 3.2619169034068483e-07
129.37578126109807 	 2.9587977400780615e-07
129.47578126109798 	 2.683846438055999e-07
129.5757812610979 	 2.4344454513831025e-07
129.6757812610978 	 2.2082204739279856e-07
129.7757812610977 	 2.0030178359259227e-07
129.87578126109761 	 1.816884000981579e-07
129.97578126109752 	 1.648046968345428e-07
130.07578126109743 	 1.4948994034134455e-07
130.17578126109734 	 1.3559833358523292e-07
130.27578126109725 	 1.2299762796762256e-07
130.37578126109716 	 1.1156786431379302e-07
130.47578126109707 	 1.0120023085765315e-07
130.57578126109698 	 9.17960273501459e-08
130.6757812610969 	 8.326572579904801e-08
130.7757812610968 	 7.549259297239389e-08
130.8757812610967 	 6.844523434394255e-08
130.9757812610966 	 6.208480965489804e-08
131.07578126109652 	 5.6315473129245e-08
131.17578126109643 	 5.10630216786841e-08
131.27578126109634 	 4.629620440132652e-08
131.37578126109625 	 4.199009145303821e-08
131.47578126109616 	 3.808809077937927e-08
131.57578126109607 	 3.4538914040749294e-08
131.67578126109598 	 3.131464945149896e-08
131.7757812610959 	 2.8399342577469478e-08
131.8757812610958 	 2.5760285355399677e-08
131.9757812610957 	 2.3362044446090165e-08
132.0757812610956 	 2.1181159063184116e-08
132.17578126109552 	 1.9207451813232653e-08
132.27578126109543 	 1.7422566675137494e-08
132.37578126109534 	 1.5802034763314397e-08
132.47578126109525 	 1.4326888752179043e-08
132.57578126109516 	 1.2990661997098659e-08
132.67578126109507 	 1.1783480858993428e-08
132.77578126109498 	 1.0688480898653304e-08
132.8757812610949 	 9.690675596465737e-09
132.9757812610948 	 8.786034964839561e-09
133.0757812610947 	 7.969573237935433e-09
133.1757812610946 	 7.228987084566762e-09
133.27578126109452 	 6.5547513571115025e-09
133.37578126109443 	 5.942854504747e-09
133.47578126109434 	 5.390096385037841e-09
133.57578126109425 	 4.889212507004283e-09
133.67578126109416 	 4.4336191959280376e-09
133.77578126109407 	 4.0197335298433125e-09
133.87578126109398 	 3.645507503149481e-09
133.97578126109389 	 3.306742515357194e-09
134.0757812610938 	 2.998890133465912e-09
134.1757812610937 	 2.718938792172218e-09
134.2757812610936 	 2.465582061038617e-09
134.37578126109352 	 2.2364636526301133e-09
134.47578126109343 	 2.0284425960929473e-09
134.57578126109334 	 1.8390841333525438e-09
134.67578126109325 	 1.6675581676545605e-09
134.77578126109316 	 1.5125972602964974e-09
134.87578126109307 	 1.3720365921443597e-09
134.97578126109298 	 1.2439524049308335e-09
135.07578126109289 	 1.1278273856163704e-09
135.1757812610928 	 1.0230215318156174e-09
135.2757812610927 	 9.279555151965763e-10
135.3757812610926 	 8.414066314958717e-10
135.47578126109252 	 7.628599343314496e-10
135.57578126109243 	 6.919046344990454e-10
135.67578126109234 	 6.276082189889408e-10
135.77578126109225 	 5.691255683923886e-10
135.87578126109216 	 5.159967576637204e-10
135.97578126109207 	 4.679588926958514e-10
136.07578126109198 	 4.2447301630879926e-10
136.17578126109188 	 3.849552647538083e-10
136.2757812610918 	 3.4901905570515563e-10
136.3757812610917 	 3.164966880284243e-10
136.4757812610916 	 2.8708569473896666e-10
136.57578126109152 	 2.6038288225009654e-10
136.67578126109143 	 2.3607571062230684e-10
136.77578126109134 	 2.1405762372895174e-10
136.87578126109125 	 1.9416592564567788e-10
136.97578126109116 	 1.761227273913023e-10
137.07578126109107 	 1.5968108398255377e-10
137.17578126109098 	 1.4477459005956562e-10
137.27578126109088 	 1.3132109113280124e-10
137.3757812610908 	 1.1911785528161515e-10
137.4757812610907 	 1.080079289589515e-10
137.5757812610906 	 9.792521060317056e-11
137.67578126109052 	 8.881696888368165e-11
137.77578126109043 	 8.056350091819163e-11
137.87578126109034 	 7.305632218364897e-11
137.97578126109025 	 6.623639398243794e-11
138.07578126109016 	 6.006996967292307e-11
138.17578126109007 	 5.448786552555954e-11
138.27578126108997 	 4.941513333818727e-11
138.37578126108988 	 4.480214911828929e-11
138.4757812610898 	 4.062738575692679e-11
138.5757812610897 	 3.685201680399453e-11
138.6757812610896 	 3.342428594733289e-11
138.77578126108952 	 3.030407371281099e-11
138.87578126108943 	 2.7477701926138448e-11
138.97578126108934 	 2.4924285976737467e-11
139.07578126108925 	 2.2608154392321787e-11
139.17578126108916 	 2.0497607855093928e-11
139.27578126108907 	 1.8584122180533675e-11
139.37578126108897 	 1.685715153274252e-11
139.47578126108888 	 1.5290672043998616e-11
139.5757812610888 	 1.3864536229220599e-11
139.6757812610887 	 1.2570258901228915e-11
139.7757812610886 	 1.1401071154741396e-11
139.87578126108852 	 1.0341607220208094e-11
139.97578126108843 	 9.377941382983723e-12
140.07578126108834 	 8.502495086869143e-12
140.17578126108825 	 7.71093641348866e-12
140.27578126108816 	 6.994384530378523e-12
140.37578126108806 	 6.343218643288865e-12
140.47578126108797 	 5.7510687232232824e-12
140.57578126108788 	 5.215171423268973e-12
140.6757812610878 	 4.730542750815928e-12
140.7757812610877 	 4.290538959715148e-12
140.8757812610876 	 3.890010077136537e-12
140.97578126108752 	 3.5272002918354417e-12
141.07578126108743 	 3.1994287318095636e-12
141.17578126108734 	 2.902116396049587e-12
141.27578126108725 	 2.6311941727666788e-12
141.37578126108716 	 2.3855678473383043e-12
141.47578126108706 	 2.1638836940417086e-12
141.57578126108697 	 1.9628011354292175e-12
141.67578126108688 	 1.779733921267424e-12
141.7757812610868 	 1.6135928428896843e-12
141.8757812610867 	 1.4635090037666234e-12
141.9757812610866 	 1.3275099629806304e-12
142.07578126108652 	 1.203808133557695e-12
142.17578126108643 	 1.0914306873736236e-12
142.27578126108634 	 9.89821554022396e-13
142.37578126108625 	 8.978407375264551e-13
142.47578126108615 	 8.142532559852907e-13
142.57578126108606 	 7.382414150016645e-13
142.67578126108597 	 6.694504953903825e-13
142.77578126108588 	 6.072407227136745e-13
142.8757812610858 	 5.507592666329135e-13
142.9757812610857 	 4.993450463976362e-13
143.0757812610856 	 4.5277267622712797e-13
143.17578126108552 	 4.1069802409866255e-13
143.27578126108543 	 3.7253330267317124e-13
143.37578126108534 	 3.3775617692085735e-13
143.47578126108525 	 3.062261877617161e-13
143.57578126108515 	 2.7776956391752104e-13
143.67578126108506 	 2.5195748951020503e-13
143.77578126108497 	 2.2845797857924404e-13
143.87578126108488 	 2.0713121486743298e-13
143.9757812610848 	 1.8786566309381342e-13
144.0757812610847 	 1.704081298710126e-13
144.1757812610846 	 1.5452915061588884e-13
144.27578126108452 	 1.4010384862699325e-13
144.37578126108443 	 1.2706084550624015e-13
144.47578126108434 	 1.1525380612092743e-13
144.57578126108424 	 1.0452420192098261e-13
144.67578126108415 	 9.476707035580653e-14
144.77578126108406 	 8.5936880651383e-14
144.87578126108397 	 7.795151027786818e-14
144.97578126108388 	 7.0701486515878e-14
145.0757812610838 	 6.410195088471594e-14
145.1757812610837 	 5.812397607012138e-14
145.2757812610836 	 5.2723392002956893e-14
145.37578126108352 	 4.782474937772395e-14
145.47578126108343 	 4.3361000005003424e-14
145.57578126108334 	 3.931412038372241e-14
145.67578126108324 	 3.566181240944565e-14
145.77578126108315 	 3.234903408171112e-14
145.87578126108306 	 2.9333173209186534e-14
145.97578126108297 	 2.659629076656453e-14
146.07578126108288 	 2.4124081536908192e-14
146.1757812610828 	 2.188405087335444e-14
146.2757812610827 	 1.984674889349884e-14
146.3757812610826 	 1.7996156540805272e-14
146.47578126108252 	 1.6323129134134666e-14
146.57578126108243 	 1.480889499248203e-14
146.67578126108234 	 1.3433113250996254e-14
146.77578126108224 	 1.2182323452470248e-14
146.87578126108215 	 1.1050707360097651e-14
146.97578126108206 	 1.0027746359841323e-14
147.07578126108197 	 9.09940179939201e-15
147.17578126108188 	 8.254795752809698e-15
147.2757812610818 	 7.490253803746998e-15
147.3757812610817 	 6.800146724790829e-15
147.4757812610816 	 6.174811257585915e-15
147.57578126108152 	 5.6056563136978726e-15
147.67578126108143 	 5.090425314409485e-15
147.77578126108133 	 4.626326222652675e-15
147.87578126108124 	 4.206322137790639e-15
147.97578126108115 	 3.82497299535841e-15
148.07578126108106 	 3.4800498440958765e-15
148.17578126108097 	 3.1698201303215597e-15
148.27578126108088 	 2.890170498442525e-15
148.3757812610808 	 2.637368113249798e-15
148.46692064214236 	 2.4094496630131633e-15
148.56692064214226 	 2.205394381686176e-15
148.66692064214217 	 2.022901947278963e-15
148.76692064214208 	 1.8594366445723497e-15
148.866920642142 	 1.713383311956837e-15
148.9669206421419 	 1.5842209189970142e-15
149.0669206421418 	 1.4707972847690385e-15
149.16692064214172 	 1.3714295104106516e-15
149.26692064214163 	 1.2848498256124274e-15
149.36692064214154 	 1.2109194929858522e-15
149.46692064214145 	 1.1492645981899218e-15
149.56692064214135 	 1.098831975011028e-15
149.66692064214126 	 1.0586525727173889e-15
149.76692064214117 	 1.0289252201584567e-15
149.86692064214108 	 1.0098935598692977e-15
149.966920642141 	 1.0008994303134697e-15
169.966920642141 	 1.0008994303134697e-15
179.966920642141 	 1.0008994303134697e-15